hello
Tweets are in memory...
hello
Phase I extracting now
6.381861925125122 6.381861925125122
15992
0   Produced
**********************************************************
0
0
{0.00941740270245967}
aggregated sketch: [0.6341078027482124, 0.01187158109254981, 0.06118240374717613, 0.14597434249855956, 0.0320160287760571, 0.11484784113744495]
aggregated sketch: [0.07594256760862347, 0.05618848860308703, 0.045433751783084925, 0.024988404634243396, 0.7119310634924821, 0.08551572387847874]
aggregated sketch: [0.2922656282513961, 0.338482569505872, 0.04739361055922463, 0.05741806350625061, 0.0749309561295989, 0.1895091720476576]
6.991492509841919 13.373354434967041
0   Consumed
**********************************************************
Phase I extracting now
6.573485374450684 19.946839809417725
16096
1   Produced
**********************************************************
49
49
{-0.02433885244111312}
aggregated sketch: [0.6282271092512921, 0.02295753820770897, 0.05341847369563866, 0.13279675169436916, 0.032043589049777214, 0.13055653810121376]
aggregated sketch: [0.07766164803837494, 0.05931901806561908, 0.041509111865209745, 0.02405705246023448, 0.7107475659575924, 0.08670560361297037]
aggregated sketch: [0.27424650089147345, 0.32213040690319533, 0.04798332833726634, 0.05011179015649267, 0.08615241714687982, 0.2193755565646923]
=> spicy 0.312326959514 [0.085825291905401557, 0.55056809907899462] 0.4311000919947439 [0.27095858613469326, 0.6949512192862176]
[[0.5], [0.0], [0.1590909090909091], [0.0], [0.18181818181818182], [0.1590909090909091]]
~~~~~~~~~~~~~~~~~~~~~~~~~~~~~~~~~~~~~~~~~~~~~~~~~~~~~~~~~~~~~~~~~~~
=> congress 0.346899205764 [0.070154897034634178, 0.54551054364896778] 0.5217038140954587 [0.2537745290499527, 0.7376510516970567]
[[0.6363636363636364], [0.0], [0.03636363636363636], [0.0], [0.23636363636363636], [0.09090909090909091]]
~~~~~~~~~~~~~~~~~~~~~~~~~~~~~~~~~~~~~~~~~~~~~~~~~~~~~~~~~~~~~~~~~~~
=> hrc 0.661399306834 [0.58857421550469757, 0.7640370503472691] 0.670012200059857 [0.712156846554458, 0.8508846824670389]
[[0.1], [0.0], [0.0], [0.6], [0.1], [0.2]]
~~~~~~~~~~~~~~~~~~~~~~~~~~~~~~~~~~~~~~~~~~~~~~~~~~~~~~~~~~~~~~~~~~~
=> holocaust museum 0.0941878510339 [0.16713943607965898, 0.75626375227544784] 0.28078767959774453 [0.37691781506761424, 0.8398962152949601]
[[0.5333333333333333], [0.3333333333333333], [0.0], [0.0], [0.06666666666666667], [0.06666666666666667]]
~~~~~~~~~~~~~~~~~~~~~~~~~~~~~~~~~~~~~~~~~~~~~~~~~~~~~~~~~~~~~~~~~~~
=> muslim 0.393301835406 [0.057945151075558643, 0.68476998392235378] 0.6663631760042472 [0.3077445116677884, 0.9192918491195816]
[[0.8181818181818182], [0.0], [0.0], [0.0], [0.18181818181818182], [0.0]]
~~~~~~~~~~~~~~~~~~~~~~~~~~~~~~~~~~~~~~~~~~~~~~~~~~~~~~~~~~~~~~~~~~~
=> republican 0.288717461853 [0.083814053783019871, 0.57235525992373915] 0.4178113895024122 [0.2675579819033581, 0.7098744376631418]
[[0.5], [0.0], [0.1111111111111111], [0.0], [0.16666666666666666], [0.2222222222222222]]
~~~~~~~~~~~~~~~~~~~~~~~~~~~~~~~~~~~~~~~~~~~~~~~~~~~~~~~~~~~~~~~~~~~
-----------------------------------------------------------------------------------
=> monitor carter page 0.183458646241 [0.7794302971246867, 0.89242564385688539] 0.4780556743742383 [0.9120083882832334, 1.0119815124921419]
[[0.15384615384615385], [0.7692307692307693], [0.0], [0.0], [0.0], [0.07692307692307693]]
~~~~~~~~~~~~~~~~~~~~~~~~~~~~~~~~~~~~~~~~~~~~~~~~~~~~~~~~~~~~~~~~~~~
=> strike syria 0.219847610195 [0.83369675614195748, 0.90139912769046282] 0.5484886717084094 [0.9802466354657292, 1.053875297380235]
[[0.12195121951219512], [0.8292682926829268], [0.0], [0.0], [0.0], [0.04878048780487805]]
~~~~~~~~~~~~~~~~~~~~~~~~~~~~~~~~~~~~~~~~~~~~~~~~~~~~~~~~~~~~~~~~~~~
=> hitler comments 0.0986282344052 [0.68465666494861499, 0.79953988840530754] 0.27849525105294065 [0.7549829165032197, 0.8570062959820798]
[[0.14285714285714285], [0.5357142857142857], [0.0], [0.0], [0.03571428571428571], [0.2857142857142857]]
~~~~~~~~~~~~~~~~~~~~~~~~~~~~~~~~~~~~~~~~~~~~~~~~~~~~~~~~~~~~~~~~~~~
=> saying hitler 0.168605711057 [0.76911824566046794, 0.79359428293389955] 0.4200160382729413 [0.866050183568322, 0.9163952447677922]
[[0.14634146341463414], [0.7073170731707317], [0.0], [0.0], [0.07317073170731707], [0.07317073170731707]]
~~~~~~~~~~~~~~~~~~~~~~~~~~~~~~~~~~~~~~~~~~~~~~~~~~~~~~~~~~~~~~~~~~~
=> didnγçöt use chemical weapons 0.237529603874 [0.83722874121371593, 0.90748502571606493] 0.5927134870043179 [1.010305179363199, 1.0849036830387186]
[[0.13333333333333333], [0.8666666666666667], [0.0], [0.0], [0.0], [0.0]]
~~~~~~~~~~~~~~~~~~~~~~~~~~~~~~~~~~~~~~~~~~~~~~~~~~~~~~~~~~~~~~~~~~~
=> co 0.390270771523 [0.31738896594179, 0.21740825938604114] 0.4521247556474815 [0.4907823608799514, 0.45340375716805614]
[[0.2857142857142857], [0.0], [0.0], [0.14285714285714285], [0.35714285714285715], [0.21428571428571427]]
~~~~~~~~~~~~~~~~~~~~~~~~~~~~~~~~~~~~~~~~~~~~~~~~~~~~~~~~~~~~~~~~~~~
=> god help 0.183637638952 [0.81966374831966249, 0.75774293871397624] 0.4264320127967191 [0.8880799174570837, 0.8901854240266459]
[[0.1], [0.7], [0.0], [0.0], [0.1], [0.1]]
~~~~~~~~~~~~~~~~~~~~~~~~~~~~~~~~~~~~~~~~~~~~~~~~~~~~~~~~~~~~~~~~~~~
=> get sean spicer 0.177971181156 [0.75573115155606851, 0.89240563524407968] 0.47255812068248354 [0.8974446222806504, 1.0111131186743842]
[[0.17647058823529413], [0.7647058823529411], [0.0], [0.0], [0.0], [0.058823529411764705]]
~~~~~~~~~~~~~~~~~~~~~~~~~~~~~~~~~~~~~~~~~~~~~~~~~~~~~~~~~~~~~~~~~~~
=> hitler gassed 0.174033206133 [0.8018092803878123, 0.8850572625048968] 0.4445280696540043 [0.9019341802527444, 0.9853011650386619]
[[0.11538461538461539], [0.7307692307692307], [0.0], [0.0], [0.0], [0.15384615384615385]]
~~~~~~~~~~~~~~~~~~~~~~~~~~~~~~~~~~~~~~~~~~~~~~~~~~~~~~~~~~~~~~~~~~~
=> eric trump says 0.191293173638 [0.80803200274920284, 0.87905830438307875] 0.4825866995542106 [0.9266390485287012, 1.0027873507354748]
[[0.12643678160919541], [0.7701149425287356], [0.0], [0.0], [0.011494252873563218], [0.09195402298850575]]
~~~~~~~~~~~~~~~~~~~~~~~~~~~~~~~~~~~~~~~~~~~~~~~~~~~~~~~~~~~~~~~~~~~
=========================================================================================
=> holocaust center 0.0804102237128 [0.22954954643187353, 0.47600070840614095] 0.2125304825413181 [0.4245832317417318, 0.6382236877903132]
[[0.4], [0.2736842105263158], [0.0], [0.0], [0.21052631578947367], [0.11578947368421053]]
~~~~~~~~~~~~~~~~~~~~~~~~~~~~~~~~~~~~~~~~~~~~~~~~~~~~~~~~~~~~~~~~~~~
=> christ 0.391514230532 [0.46312087392530643, 0.60111053868840569] 0.5005161761817634 [0.6153619743523178, 0.7384870460367915]
[[0.23076923076923078], [0.0], [0.07692307692307693], [0.0], [0.15384615384615385], [0.5384615384615384]]
~~~~~~~~~~~~~~~~~~~~~~~~~~~~~~~~~~~~~~~~~~~~~~~~~~~~~~~~~~~~~~~~~~~
=> fire spicer 0.068168140132 [0.29747616422346546, 0.82480239013130019] 0.2150633290607306 [0.48629528482656115, 0.8456189917639508]
[[0.35714285714285715], [0.2857142857142857], [0.0], [0.0], [0.0], [0.35714285714285715]]
~~~~~~~~~~~~~~~~~~~~~~~~~~~~~~~~~~~~~~~~~~~~~~~~~~~~~~~~~~~~~~~~~~~
=> syria strike proves 0.0312759321637 [0.31655270183447293, 0.829780912844856] 0.15802000374662073 [0.5011925760989223, 0.8480926153853848]
[[0.35714285714285715], [0.35714285714285715], [0.0], [0.0], [0.0], [0.2857142857142857]]
~~~~~~~~~~~~~~~~~~~~~~~~~~~~~~~~~~~~~~~~~~~~~~~~~~~~~~~~~~~~~~~~~~~
=> bomb syria 0.119249258611 [0.66612828903600874, 0.82456153864487192] 0.34865353778483654 [0.7849452244789678, 0.9121096141542572]
[[0.21153846153846154], [0.6538461538461539], [0.0], [0.0], [0.038461538461538464], [0.09615384615384616]]
~~~~~~~~~~~~~~~~~~~~~~~~~~~~~~~~~~~~~~~~~~~~~~~~~~~~~~~~~~~~~~~~~~~
=> ivanka told 0.210933723642 [0.78257055174813162, 0.9022847976860271] 0.5438292869025431 [0.9526211745007894, 1.056297969160639]
[[0.17647058823529413], [0.8235294117647058], [0.0], [0.0], [0.0], [0.0]]
~~~~~~~~~~~~~~~~~~~~~~~~~~~~~~~~~~~~~~~~~~~~~~~~~~~~~~~~~~~~~~~~~~~
=> anne frank center calls 0.0618301817306 [0.55133620635285996, 0.84100294099315709] 0.22058678865762965 [0.6681341116609611, 0.8669817243584331]
[[0.21875], [0.46875], [0.0], [0.0], [0.0], [0.3125]]
~~~~~~~~~~~~~~~~~~~~~~~~~~~~~~~~~~~~~~~~~~~~~~~~~~~~~~~~~~~~~~~~~~~
=> seder 0.403997440206 [0.19436120847628113, 0.31871528729776244] 0.5467972577130505 [0.4160310709199301, 0.5592033443375606]
[[0.5333333333333333], [0.0], [0.0], [0.0], [0.4], [0.06666666666666667]]
~~~~~~~~~~~~~~~~~~~~~~~~~~~~~~~~~~~~~~~~~~~~~~~~~~~~~~~~~~~~~~~~~~~
=> holocaust comments 0.0881876451333 [0.58570974855195734, 0.74742881411067486] 0.2804018132722893 [0.709073877357991, 0.8402417464357096]
[[0.25], [0.5833333333333334], [0.0], [0.0], [0.08333333333333333], [0.08333333333333333]]
~~~~~~~~~~~~~~~~~~~~~~~~~~~~~~~~~~~~~~~~~~~~~~~~~~~~~~~~~~~~~~~~~~~
=> barca 0.434318547221 [0.5141062079794998, 0.78814201107871762] 0.6189687064193423 [0.7179540417104414, 0.9229764030603966]
[[0.25], [0.0], [0.0], [0.0], [0.05], [0.7]]
~~~~~~~~~~~~~~~~~~~~~~~~~~~~~~~~~~~~~~~~~~~~~~~~~~~~~~~~~~~~~~~~~~~
=> eric trump says syria strike 0.113740244663 [0.54061202805613917, 0.87949878705103424] 0.366663040711311 [0.7247551555354426, 0.9622035276114302]
[[0.3333333333333333], [0.6444444444444445], [0.0], [0.0], [0.0], [0.022222222222222223]]
~~~~~~~~~~~~~~~~~~~~~~~~~~~~~~~~~~~~~~~~~~~~~~~~~~~~~~~~~~~~~~~~~~~
=> itγçös 0.191667313418 [0.73631790660647722, 0.8648671240893161] 0.3538003579396362 [0.7692844709688265, 0.8768310065459726]
[[0.1111111111111111], [0.5185185185185185], [0.25925925925925924], [0.0], [0.0], [0.1111111111111111]]
~~~~~~~~~~~~~~~~~~~~~~~~~~~~~~~~~~~~~~~~~~~~~~~~~~~~~~~~~~~~~~~~~~~
=> ah 0.592787869264 [0.62310460612105012, 0.86136957142086268] 0.5959148976356029 [0.7021647240960525, 0.8681769253476941]
[[0.10526315789473684], [0.0], [0.47368421052631576], [0.10526315789473684], [0.0], [0.3157894736842105]]
~~~~~~~~~~~~~~~~~~~~~~~~~~~~~~~~~~~~~~~~~~~~~~~~~~~~~~~~~~~~~~~~~~~
=> welp 0.453577637442 [0.50536768916593311, 0.83986730853934755] 0.5405639836763654 [0.6452132076821255, 0.8732805060219534]
[[0.2], [0.0], [0.3], [0.0], [0.0], [0.5]]
~~~~~~~~~~~~~~~~~~~~~~~~~~~~~~~~~~~~~~~~~~~~~~~~~~~~~~~~~~~~~~~~~~~
=> fire sean spicer now 0.126224310281 [0.67461284880602657, 0.86989969044049786] 0.30646987769735395 [0.7483273259881795, 0.8922113236661315]
[[0.14285714285714285], [0.5714285714285714], [0.0], [0.14285714285714285], [0.0], [0.14285714285714285]]
~~~~~~~~~~~~~~~~~~~~~~~~~~~~~~~~~~~~~~~~~~~~~~~~~~~~~~~~~~~~~~~~~~~
=> syria strike 0.141692345278 [0.70948421774968218, 0.88170037599407802] 0.4005760951084461 [0.8357709096551218, 0.9698239025091272]
[[0.19148936170212766], [0.7021276595744681], [0.0], [0.0], [0.0], [0.10638297872340426]]
~~~~~~~~~~~~~~~~~~~~~~~~~~~~~~~~~~~~~~~~~~~~~~~~~~~~~~~~~~~~~~~~~~~
=> sean spicer apologizes 0.0400896167143 [0.46123272439879393, 0.85022750770178224] 0.20151199335807493 [0.6192131209231885, 0.8822059852198266]
[[0.3090909090909091], [0.509090909090909], [0.0], [0.0], [0.0], [0.18181818181818182]]
~~~~~~~~~~~~~~~~~~~~~~~~~~~~~~~~~~~~~~~~~~~~~~~~~~~~~~~~~~~~~~~~~~~
=> holocaust centers 0.076758939901 [0.14345591153330983, 0.6105860803719998] 0.21502509185988472 [0.34309821698457416, 0.7223960744618935]
[[0.458955223880597], [0.24253731343283583], [0.0], [0.011194029850746268], [0.13432835820895522], [0.15298507462686567]]
~~~~~~~~~~~~~~~~~~~~~~~~~~~~~~~~~~~~~~~~~~~~~~~~~~~~~~~~~~~~~~~~~~~
=> tv 0.758863714172 [0.68307403994422389, 0.6158468854320196] 0.7495219305233914 [0.7939663583323324, 0.7876428701994858]
[[0.058823529411764705], [0.0], [0.0], [0.6470588235294118], [0.23529411764705882], [0.058823529411764705]]
~~~~~~~~~~~~~~~~~~~~~~~~~~~~~~~~~~~~~~~~~~~~~~~~~~~~~~~~~~~~~~~~~~~
=> russia ties 0.0565586797423 [0.55398544438244002, 0.84967565457659644] 0.22538578815058688 [0.6783606346980523, 0.8819171812618749]
[[0.23809523809523808], [0.5238095238095238], [0.0], [0.0], [0.0], [0.23809523809523808]]
~~~~~~~~~~~~~~~~~~~~~~~~~~~~~~~~~~~~~~~~~~~~~~~~~~~~~~~~~~~~~~~~~~~
=> holocaust centers sean spicer 0.356605029281 [0.32681839710287408, 0.84377528232298415] 0.5530257689054883 [0.5624916321946393, 0.9393609111777351]
[[0.4], [0.0], [0.0], [0.0], [0.0], [0.6]]
~~~~~~~~~~~~~~~~~~~~~~~~~~~~~~~~~~~~~~~~~~~~~~~~~~~~~~~~~~~~~~~~~~~
=> white house press secretary sean spicer 0.150650519654 [0.13054180689136985, 0.86564927295637184] 0.3955733695276255 [0.3570527361587185, 0.9495675706794345]
[[0.6415094339622641], [0.32075471698113206], [0.0], [0.0], [0.0], [0.03773584905660377]]
~~~~~~~~~~~~~~~~~~~~~~~~~~~~~~~~~~~~~~~~~~~~~~~~~~~~~~~~~~~~~~~~~~~
=> sean spicer claims hitler 0.11266471109 [0.65519856430203371, 0.8737412335467587] 0.34700889008400887 [0.7824674634428692, 0.9431549160984293]
[[0.21818181818181817], [0.6545454545454545], [0.0], [0.0], [0.0], [0.12727272727272726]]
~~~~~~~~~~~~~~~~~~~~~~~~~~~~~~~~~~~~~~~~~~~~~~~~~~~~~~~~~~~~~~~~~~~
=> holy 0.706085524993 [0.72874924852833789, 0.72772663609364319] 0.691888650255317 [0.7929859295223705, 0.8311320688213903]
[[0.08333333333333333], [0.0], [0.6111111111111112], [0.027777777777777776], [0.1111111111111111], [0.16666666666666666]]
~~~~~~~~~~~~~~~~~~~~~~~~~~~~~~~~~~~~~~~~~~~~~~~~~~~~~~~~~~~~~~~~~~~
=> ffs 0.625982429922 [0.72131929525682104, 0.88278092053350743] 0.6746227774928425 [0.8065689069277995, 0.93314294016415]
[[0.0], [0.0], [0.047619047619047616], [0.42857142857142855], [0.0], [0.5238095238095238]]
~~~~~~~~~~~~~~~~~~~~~~~~~~~~~~~~~~~~~~~~~~~~~~~~~~~~~~~~~~~~~~~~~~~
=> tillerson arrives in moscow 0.158192025336 [0.76588330600369481, 0.88258183348077679] 0.42057692219968473 [0.8726821687364189, 0.9748805272930297]
[[0.14285714285714285], [0.7142857142857143], [0.0], [0.0], [0.0], [0.14285714285714285]]
~~~~~~~~~~~~~~~~~~~~~~~~~~~~~~~~~~~~~~~~~~~~~~~~~~~~~~~~~~~~~~~~~~~
=> whitehouse 0.363134444581 [0.13657704883504029, 0.35670463619246551] 0.459706050076734 [0.33522031043872713, 0.564812298664914]
[[0.46153846153846156], [0.0], [0.07692307692307693], [0.07692307692307693], [0.3076923076923077], [0.07692307692307693]]
~~~~~~~~~~~~~~~~~~~~~~~~~~~~~~~~~~~~~~~~~~~~~~~~~~~~~~~~~~~~~~~~~~~
=> hitler comment 0.0331230168087 [0.46599592430958714, 0.83814701353418664] 0.15955752175576962 [0.6042524468268944, 0.8506407862782234]
[[0.25925925925925924], [0.4444444444444444], [0.0], [0.037037037037037035], [0.0], [0.25925925925925924]]
~~~~~~~~~~~~~~~~~~~~~~~~~~~~~~~~~~~~~~~~~~~~~~~~~~~~~~~~~~~~~~~~~~~
=> breaking 0.645324884442 [0.61835187734601171, 0.6334451996980901] 0.5997328741062952 [0.6842980799729413, 0.7341544755195193]
[[0.057692307692307696], [0.0], [0.11538461538461539], [0.4807692307692308], [0.15384615384615385], [0.19230769230769232]]
~~~~~~~~~~~~~~~~~~~~~~~~~~~~~~~~~~~~~~~~~~~~~~~~~~~~~~~~~~~~~~~~~~~
=> sean spicer's job 0.0472314624708 [0.33891116352855366, 0.82670223708553081] 0.18318323320797883 [0.5173158331235911, 0.8449895408403656]
[[0.3333333333333333], [0.3333333333333333], [0.0], [0.0], [0.0], [0.3333333333333333]]
~~~~~~~~~~~~~~~~~~~~~~~~~~~~~~~~~~~~~~~~~~~~~~~~~~~~~~~~~~~~~~~~~~~
=> jesus 0.429466488689 [0.50294376341434233, 0.73524179661898914] 0.5159772486626358 [0.6361807681973765, 0.8091482713043324]
[[0.1935483870967742], [0.0], [0.22580645161290322], [0.0], [0.06451612903225806], [0.5161290322580645]]
~~~~~~~~~~~~~~~~~~~~~~~~~~~~~~~~~~~~~~~~~~~~~~~~~~~~~~~~~~~~~~~~~~~
=> middle east 0.356931282188 [0.10895478276611825, 0.4556665736654345] 0.5229549197998298 [0.31367489389735204, 0.6711028089556806]
[[0.6], [0.0], [0.0], [0.0], [0.3], [0.1]]
~~~~~~~~~~~~~~~~~~~~~~~~~~~~~~~~~~~~~~~~~~~~~~~~~~~~~~~~~~~~~~~~~~~
=> white house press secretary 0.0626749909122 [0.37391946310724655, 0.86119839609749915] 0.26105326747213475 [0.573214084924106, 0.9109812675578578]
[[0.41025641025641024], [0.5128205128205128], [0.0], [0.0], [0.0], [0.07692307692307693]]
~~~~~~~~~~~~~~~~~~~~~~~~~~~~~~~~~~~~~~~~~~~~~~~~~~~~~~~~~~~~~~~~~~~
9.617550373077393 29.564390182495117
1   Consumed
**********************************************************
Phase I extracting now
6.630383729934692 36.19477391242981
16112
2   Produced
**********************************************************
93
93
{-0.036736693425650155}
aggregated sketch: [0.6518207155052766, 0.02005267572381359, 0.052360494863492237, 0.10766557069590205, 0.02784456975195378, 0.14025597345956153]
aggregated sketch: [0.07493342494614559, 0.057145432181678744, 0.03859742236262354, 0.0251600217374012, 0.7207525159720386, 0.08341118280011314]
aggregated sketch: [0.28603000930451117, 0.3382223651658268, 0.04394356548781443, 0.056365738947944166, 0.07403175331524676, 0.20140656777865673]
=> youtube 0.269074366795 [0.085078133304951953, 0.68278429033540244] 0.44869330938746965 [0.2714163141728713, 0.8090687213921314]
[[0.5555555555555556], [0.0], [0.0], [0.0], [0.1111111111111111], [0.3333333333333333]]
~~~~~~~~~~~~~~~~~~~~~~~~~~~~~~~~~~~~~~~~~~~~~~~~~~~~~~~~~~~~~~~~~~~
=> mike 0.33165470202 [0.3486776117886935, 0.83211495867276031] 0.4649987300817939 [0.5337569372488391, 0.8686918628902144]
[[0.3], [0.0], [0.2], [0.0], [0.0], [0.5]]
~~~~~~~~~~~~~~~~~~~~~~~~~~~~~~~~~~~~~~~~~~~~~~~~~~~~~~~~~~~~~~~~~~~
=> senate 0.268907582473 [0.18654699887287662, 0.70368526917919261] 0.443189361236155 [0.3995182619384574, 0.81692581593247]
[[0.45454545454545453], [0.0], [0.0], [0.0], [0.09090909090909091], [0.45454545454545453]]
~~~~~~~~~~~~~~~~~~~~~~~~~~~~~~~~~~~~~~~~~~~~~~~~~~~~~~~~~~~~~~~~~~~
=> liar in chief 0.20865846356 [0.063325658996845724, 0.84010707943251639] 0.4173648176630863 [0.23866021785728136, 0.9096431423403324]
[[0.6], [0.1], [0.0], [0.0], [0.0], [0.3]]
~~~~~~~~~~~~~~~~~~~~~~~~~~~~~~~~~~~~~~~~~~~~~~~~~~~~~~~~~~~~~~~~~~~
=> jew 0.326445654585 [0.06728421435848575, 0.53311396252331089] 0.4887837937674895 [0.24155882876358048, 0.7160649747616978]
[[0.6], [0.0], [0.02857142857142857], [0.0], [0.22857142857142856], [0.14285714285714285]]
~~~~~~~~~~~~~~~~~~~~~~~~~~~~~~~~~~~~~~~~~~~~~~~~~~~~~~~~~~~~~~~~~~~
=> fc barcelona 0.286537147918 [0.18533344692307163, 0.83952241188684129] 0.49570006047608883 [0.4182977573917887, 0.9274505583492875]
[[0.5], [0.0], [0.0], [0.0], [0.0], [0.5]]
~~~~~~~~~~~~~~~~~~~~~~~~~~~~~~~~~~~~~~~~~~~~~~~~~~~~~~~~~~~~~~~~~~~
=> ken 0.273358328043 [0.23291378457994882, 0.71109119863694104] 0.42193132542308376 [0.4354588001729724, 0.8011275724112283]
[[0.38461538461538464], [0.0], [0.07692307692307693], [0.0], [0.07692307692307693], [0.46153846153846156]]
~~~~~~~~~~~~~~~~~~~~~~~~~~~~~~~~~~~~~~~~~~~~~~~~~~~~~~~~~~~~~~~~~~~
=> borussia dortmund 0.320731205529 [0.32064398952639994, 0.84142837315353869] 0.5316046003980954 [0.5570079282373493, 0.9395989188486918]
[[0.3888888888888889], [0.0], [0.0], [0.0], [0.0], [0.6111111111111112]]
~~~~~~~~~~~~~~~~~~~~~~~~~~~~~~~~~~~~~~~~~~~~~~~~~~~~~~~~~~~~~~~~~~~
=> whitehouse 0.369540456141 [0.081073934971130357, 0.48416215254229122] 0.5057401175136085 [0.2624285371183893, 0.6761981108685666]
[[0.5789473684210527], [0.0], [0.05263157894736842], [0.05263157894736842], [0.2631578947368421], [0.05263157894736842]]
~~~~~~~~~~~~~~~~~~~~~~~~~~~~~~~~~~~~~~~~~~~~~~~~~~~~~~~~~~~~~~~~~~~
-----------------------------------------------------------------------------------
=> prez 0.491349830438 [0.33057546275378469, 0.18902613255998502] 0.5937483355286872 [0.539119228311227, 0.4312240054303895]
[[0.4375], [0.0], [0.0625], [0.0], [0.5], [0.0]]
~~~~~~~~~~~~~~~~~~~~~~~~~~~~~~~~~~~~~~~~~~~~~~~~~~~~~~~~~~~~~~~~~~~
=> ivanka told 0.267660743708 [0.85281946225359828, 0.90241389848590614] 0.6164151412163947 [1.0162388495508512, 1.0814653602981046]
[[0.0967741935483871], [0.8709677419354839], [0.0], [0.0], [0.0], [0.03225806451612903]]
~~~~~~~~~~~~~~~~~~~~~~~~~~~~~~~~~~~~~~~~~~~~~~~~~~~~~~~~~~~~~~~~~~~
=> sean spicer actually 0.172225141647 [0.74473373977639579, 0.87751083947310349] 0.43490211133142526 [0.8574294480514997, 0.97151874491292]
[[0.14285714285714285], [0.7142857142857143], [0.0], [0.0], [0.0], [0.14285714285714285]]
~~~~~~~~~~~~~~~~~~~~~~~~~~~~~~~~~~~~~~~~~~~~~~~~~~~~~~~~~~~~~~~~~~~
=> update 0.513209832531 [0.57353151383839285, 0.41425631381572481] 0.4912260499313266 [0.6282291170574105, 0.5896790578973977]
[[0.07692307692307693], [0.0], [0.15384615384615385], [0.3076923076923077], [0.23076923076923078], [0.23076923076923078]]
~~~~~~~~~~~~~~~~~~~~~~~~~~~~~~~~~~~~~~~~~~~~~~~~~~~~~~~~~~~~~~~~~~~
=> justice 0.533302124718 [0.52945398070008309, 0.053735416461136665] 0.6019071834726835 [0.6717005846234845, 0.23737255397822976]
[[0.2631578947368421], [0.0], [0.05263157894736842], [0.0], [0.5789473684210527], [0.10526315789473684]]
~~~~~~~~~~~~~~~~~~~~~~~~~~~~~~~~~~~~~~~~~~~~~~~~~~~~~~~~~~~~~~~~~~~
=> holocaust centre 0.087209069551 [0.36982957495352287, 0.3263128131190034] 0.20851211514999232 [0.5194323404912901, 0.5355404831087317]
[[0.2727272727272727], [0.2727272727272727], [0.0], [0.0], [0.2727272727272727], [0.18181818181818182]]
~~~~~~~~~~~~~~~~~~~~~~~~~~~~~~~~~~~~~~~~~~~~~~~~~~~~~~~~~~~~~~~~~~~
=> mention hitler 0.338743520186 [0.91109001845714799, 0.91212148075714672] 0.608521112418155 [0.9966670177216236, 1.0372495968041333]
[[0.0], [0.7777777777777778], [0.0], [0.2222222222222222], [0.0], [0.0]]
~~~~~~~~~~~~~~~~~~~~~~~~~~~~~~~~~~~~~~~~~~~~~~~~~~~~~~~~~~~~~~~~~~~
=> white house spokesman 0.258350049737 [0.8087994463146464, 0.90158116468436356] 0.6032105357381027 [0.9848905839925086, 1.0750604834603732]
[[0.14285714285714285], [0.8571428571428571], [0.0], [0.0], [0.0], [0.0]]
~~~~~~~~~~~~~~~~~~~~~~~~~~~~~~~~~~~~~~~~~~~~~~~~~~~~~~~~~~~~~~~~~~~
=> objectivity 0.418534007988 [0.60789841388990107, 0.67032054753812031] 0.5482021525973731 [0.727762801718947, 0.8038471271655097]
[[0.125], [0.0], [0.125], [0.0], [0.125], [0.625]]
~~~~~~~~~~~~~~~~~~~~~~~~~~~~~~~~~~~~~~~~~~~~~~~~~~~~~~~~~~~~~~~~~~~
=> hill 0.45661872309 [0.23606183881767828, 0.2893698145398087] 0.6049582288225939 [0.4726729233401185, 0.5457179422633317]
[[0.5454545454545454], [0.0], [0.0], [0.0], [0.45454545454545453], [0.0]]
~~~~~~~~~~~~~~~~~~~~~~~~~~~~~~~~~~~~~~~~~~~~~~~~~~~~~~~~~~~~~~~~~~~
=> holy 0.636658849744 [0.73124344438666422, 0.68045376683353354] 0.6293906472101207 [0.7690698923495698, 0.7846325639557924]
[[0.06521739130434782], [0.0], [0.5434782608695652], [0.021739130434782608], [0.13043478260869565], [0.2391304347826087]]
~~~~~~~~~~~~~~~~~~~~~~~~~~~~~~~~~~~~~~~~~~~~~~~~~~~~~~~~~~~~~~~~~~~
=> first pepsi 0.0681971266045 [0.6117790705871291, 0.59366097569806042] 0.20254061003295204 [0.6759798172118575, 0.7106360049637492]
[[0.14285714285714285], [0.42857142857142855], [0.0], [0.0], [0.14285714285714285], [0.2857142857142857]]
~~~~~~~~~~~~~~~~~~~~~~~~~~~~~~~~~~~~~~~~~~~~~~~~~~~~~~~~~~~~~~~~~~~
=> bomb syria 0.158452144904 [0.68684842317281847, 0.80602661186421443] 0.3928929986578799 [0.798393597871857, 0.9058638517696253]
[[0.18421052631578946], [0.6710526315789473], [0.0], [0.013157894736842105], [0.05263157894736842], [0.07894736842105263]]
~~~~~~~~~~~~~~~~~~~~~~~~~~~~~~~~~~~~~~~~~~~~~~~~~~~~~~~~~~~~~~~~~~~
=> seder 0.445570655556 [0.27775276647197222, 0.22323582889889937] 0.5712630176534698 [0.4960018190457934, 0.46905696635903943]
[[0.47368421052631576], [0.0], [0.0], [0.0], [0.47368421052631576], [0.05263157894736842]]
~~~~~~~~~~~~~~~~~~~~~~~~~~~~~~~~~~~~~~~~~~~~~~~~~~~~~~~~~~~~~~~~~~~
=> holocaust comments 0.152868787329 [0.7276794451149462, 0.80843631319905707] 0.3848660509982325 [0.8190408150503861, 0.9046080886992786]
[[0.14285714285714285], [0.6666666666666666], [0.0], [0.0], [0.047619047619047616], [0.14285714285714285]]
~~~~~~~~~~~~~~~~~~~~~~~~~~~~~~~~~~~~~~~~~~~~~~~~~~~~~~~~~~~~~~~~~~~
=> advisor carter page 0.0951631734547 [0.58171074328271699, 0.69016900605001075] 0.2726747943232272 [0.6896513065619752, 0.7934794992098886]
[[0.2222222222222222], [0.5555555555555556], [0.0], [0.0], [0.1111111111111111], [0.1111111111111111]]
~~~~~~~~~~~~~~~~~~~~~~~~~~~~~~~~~~~~~~~~~~~~~~~~~~~~~~~~~~~~~~~~~~~
=> claims hitler 0.262569881238 [0.87003208697705747, 0.89987589021876024] 0.601246684086651 [1.0153330373247165, 1.0697004103074301]
[[0.07142857142857142], [0.8571428571428571], [0.0], [0.0], [0.0], [0.07142857142857142]]
~~~~~~~~~~~~~~~~~~~~~~~~~~~~~~~~~~~~~~~~~~~~~~~~~~~~~~~~~~~~~~~~~~~
=> tillerson arrives in moscow 0.204920710007 [0.79274272238933019, 0.88585064784805878] 0.4929309832719931 [0.9124497524707703, 1.0037881677380245]
[[0.11764705882352941], [0.7647058823529411], [0.0], [0.0], [0.0], [0.11764705882352941]]
~~~~~~~~~~~~~~~~~~~~~~~~~~~~~~~~~~~~~~~~~~~~~~~~~~~~~~~~~~~~~~~~~~~
=========================================================================================
=> holocaust center 0.0751203631398 [0.22024524354022035, 0.48505314867166416] 0.20436539214883273 [0.4130114729258183, 0.6421672264659419]
[[0.392], [0.28], [0.0], [0.0], [0.2], [0.128]]
~~~~~~~~~~~~~~~~~~~~~~~~~~~~~~~~~~~~~~~~~~~~~~~~~~~~~~~~~~~~~~~~~~~
=> fire spicer 0.0719451149995 [0.36367860116281714, 0.82073063401366131] 0.22456400475262284 [0.5345561459540549, 0.8456422803483521]
[[0.29411764705882354], [0.29411764705882354], [0.0], [0.0], [0.0], [0.4117647058823529]]
~~~~~~~~~~~~~~~~~~~~~~~~~~~~~~~~~~~~~~~~~~~~~~~~~~~~~~~~~~~~~~~~~~~
=> sean spicer must be fired 0.269882270263 [0.8947972584145284, 0.90053619708618149] 0.6118119998328403 [1.034143109486751, 1.0749163734001903]
[[0.045454545454545456], [0.8636363636363636], [0.0], [0.0], [0.0], [0.09090909090909091]]
~~~~~~~~~~~~~~~~~~~~~~~~~~~~~~~~~~~~~~~~~~~~~~~~~~~~~~~~~~~~~~~~~~~
=> maga 0.778982692605 [0.76490438969370511, 0.643651490503379] 0.7691928495847098 [0.8483000683422464, 0.8145384216761583]
[[0.0], [0.0], [0.0], [0.6666666666666666], [0.2222222222222222], [0.1111111111111111]]
~~~~~~~~~~~~~~~~~~~~~~~~~~~~~~~~~~~~~~~~~~~~~~~~~~~~~~~~~~~~~~~~~~~
=> anne frank center calls 0.0372425203687 [0.45085315311875984, 0.83424643064872006] 0.1828841708900611 [0.5987280480472736, 0.8590079134069647]
[[0.2708333333333333], [0.4583333333333333], [0.0], [0.0], [0.0], [0.2708333333333333]]
~~~~~~~~~~~~~~~~~~~~~~~~~~~~~~~~~~~~~~~~~~~~~~~~~~~~~~~~~~~~~~~~~~~
=> meanwhile 0.700760378748 [0.69772895974659477, 0.83855093763242583] 0.7318365883430769 [0.8094389854044944, 0.9287732982388418]
[[0.13636363636363635], [0.0], [0.6818181818181818], [0.0], [0.045454545454545456], [0.13636363636363635]]
~~~~~~~~~~~~~~~~~~~~~~~~~~~~~~~~~~~~~~~~~~~~~~~~~~~~~~~~~~~~~~~~~~~
=> trump administration 0.135529901342 [0.59294699590431232, 0.78193084078697583] 0.355602756739352 [0.728953792336917, 0.8785803180586874]
[[0.25203252032520324], [0.6260162601626016], [0.0], [0.008130081300813009], [0.06504065040650407], [0.04878048780487805]]
~~~~~~~~~~~~~~~~~~~~~~~~~~~~~~~~~~~~~~~~~~~~~~~~~~~~~~~~~~~~~~~~~~~
=> welp 0.413445932457 [0.52278816149945295, 0.8421837295172403] 0.5282819050910962 [0.6623491932136463, 0.8854493792838807]
[[0.18181818181818182], [0.0], [0.2727272727272727], [0.0], [0.0], [0.5454545454545454]]
~~~~~~~~~~~~~~~~~~~~~~~~~~~~~~~~~~~~~~~~~~~~~~~~~~~~~~~~~~~~~~~~~~~
=> holocaust centers 0.0719228936154 [0.14641037199797802, 0.59290813312255397] 0.2048906810852388 [0.3433974171603491, 0.7082321570839081]
[[0.43828715365239296], [0.2518891687657431], [0.0], [0.012594458438287154], [0.1385390428211587], [0.15869017632241814]]
~~~~~~~~~~~~~~~~~~~~~~~~~~~~~~~~~~~~~~~~~~~~~~~~~~~~~~~~~~~~~~~~~~~
=> happy passover 0.256332937768 [0.31403197860360821, 0.75640976578188646] 0.4355789773023701 [0.5191679518699586, 0.8479974514504248]
[[0.3508771929824561], [0.05263157894736842], [0.0], [0.0], [0.05263157894736842], [0.543859649122807]]
~~~~~~~~~~~~~~~~~~~~~~~~~~~~~~~~~~~~~~~~~~~~~~~~~~~~~~~~~~~~~~~~~~~
=> heγçös 0.137878765892 [0.6384358687953765, 0.87106169509041087] 0.38127258005722076 [0.7753030615026905, 0.9475380759216919]
[[0.2222222222222222], [0.6666666666666666], [0.0], [0.0], [0.0], [0.1111111111111111]]
~~~~~~~~~~~~~~~~~~~~~~~~~~~~~~~~~~~~~~~~~~~~~~~~~~~~~~~~~~~~~~~~~~~
=> holocaust centers sean spicer 0.348229229718 [0.39610722205583659, 0.84496532176992278] 0.5653002921343199 [0.6296179474712539, 0.9553561858698367]
[[0.3333333333333333], [0.0], [0.0], [0.0], [0.0], [0.6666666666666666]]
~~~~~~~~~~~~~~~~~~~~~~~~~~~~~~~~~~~~~~~~~~~~~~~~~~~~~~~~~~~~~~~~~~~
=> colluding with russia 0.1400295533 [0.61187985976707604, 0.87251723904155631] 0.38734538062338314 [0.762340161275967, 0.9518649571659125]
[[0.25], [0.6666666666666666], [0.0], [0.0], [0.0], [0.08333333333333333]]
~~~~~~~~~~~~~~~~~~~~~~~~~~~~~~~~~~~~~~~~~~~~~~~~~~~~~~~~~~~~~~~~~~~
=> ffs 0.586846510698 [0.71116003693320051, 0.83132878990784631] 0.636952935681802 [0.7847051902666912, 0.8922048569684702]
[[0.0], [0.0], [0.037037037037037035], [0.4444444444444444], [0.037037037037037035], [0.48148148148148145]]
~~~~~~~~~~~~~~~~~~~~~~~~~~~~~~~~~~~~~~~~~~~~~~~~~~~~~~~~~~~~~~~~~~~
=> geez 0.52383225683 [0.63017490225739548, 0.67726053933141084] 0.5510744721346637 [0.6970239543109149, 0.7667870314147293]
[[0.1111111111111111], [0.0], [0.4444444444444444], [0.0], [0.1111111111111111], [0.3333333333333333]]
~~~~~~~~~~~~~~~~~~~~~~~~~~~~~~~~~~~~~~~~~~~~~~~~~~~~~~~~~~~~~~~~~~~
=> former trump adviser carter page 0.300404687527 [0.9083904516042911, 0.90922914695438062] 0.6809962751174712 [1.0865931518636835, 1.1231385317172005]
[[0.05], [0.925], [0.0], [0.0], [0.0], [0.025]]
~~~~~~~~~~~~~~~~~~~~~~~~~~~~~~~~~~~~~~~~~~~~~~~~~~~~~~~~~~~~~~~~~~~
=> breaking 0.613496006049 [0.63153134104259256, 0.59793430571230588] 0.5760977259784111 [0.6838497501472611, 0.7108568332914441]
[[0.05263157894736842], [0.0], [0.10526315789473684], [0.4605263157894737], [0.17105263157894737], [0.21052631578947367]]
~~~~~~~~~~~~~~~~~~~~~~~~~~~~~~~~~~~~~~~~~~~~~~~~~~~~~~~~~~~~~~~~~~~
=> defending hitler 0.185403134568 [0.71896196518943523, 0.8815810592831137] 0.4269234814703597 [0.8264052639391406, 0.9572117654403011]
[[0.15384615384615385], [0.6923076923076923], [0.0], [0.07692307692307693], [0.0], [0.07692307692307693]]
~~~~~~~~~~~~~~~~~~~~~~~~~~~~~~~~~~~~~~~~~~~~~~~~~~~~~~~~~~~~~~~~~~~
=> russian spy 0.116364634999 [0.6389250189192226, 0.86075639025056916] 0.30562546734755236 [0.7312249790548229, 0.8940388436235969]
[[0.16666666666666666], [0.5833333333333334], [0.0], [0.08333333333333333], [0.0], [0.16666666666666666]]
~~~~~~~~~~~~~~~~~~~~~~~~~~~~~~~~~~~~~~~~~~~~~~~~~~~~~~~~~~~~~~~~~~~
=> holocaust gaffe 0.173967053656 [0.59220884738717383, 0.88247744357585822] 0.45145336106048245 [0.777611626809899, 0.9873642568570419]
[[0.3], [0.7], [0.0], [0.0], [0.0], [0.0]]
~~~~~~~~~~~~~~~~~~~~~~~~~~~~~~~~~~~~~~~~~~~~~~~~~~~~~~~~~~~~~~~~~~~
=> fbi fisa warrant 0.285343438028 [0.54499904197431182, 0.83912764684528385] 0.43780101770928503 [0.6695592622346864, 0.8758904022348382]
[[0.14285714285714285], [0.14285714285714285], [0.0], [0.14285714285714285], [0.0], [0.5714285714285714]]
~~~~~~~~~~~~~~~~~~~~~~~~~~~~~~~~~~~~~~~~~~~~~~~~~~~~~~~~~~~~~~~~~~~
=> eric trump says syria strike 0.129852733855 [0.47448106118594335, 0.86998310594104511] 0.3719685174660856 [0.667553984334793, 0.9453252686508475]
[[0.36231884057971014], [0.6086956521739131], [0.0], [0.0], [0.0], [0.028985507246376812]]
~~~~~~~~~~~~~~~~~~~~~~~~~~~~~~~~~~~~~~~~~~~~~~~~~~~~~~~~~~~~~~~~~~~
=> itγçös 0.212770901183 [0.74301504666092066, 0.86627924163452774] 0.37854211786981484 [0.7763484913579992, 0.8845182447503447]
[[0.10256410256410256], [0.5384615384615384], [0.2564102564102564], [0.0], [0.0], [0.10256410256410256]]
~~~~~~~~~~~~~~~~~~~~~~~~~~~~~~~~~~~~~~~~~~~~~~~~~~~~~~~~~~~~~~~~~~~
=> media faustian bargain 2destroy trump=lost 0.449437567105 [0.79873373945574833, 0.8684453755509135] 0.7254881159818968 [0.9790241045058843, 1.0554844206107215]
[[0.0], [0.14285714285714285], [0.0], [0.0], [0.0], [0.8571428571428571]]
~~~~~~~~~~~~~~~~~~~~~~~~~~~~~~~~~~~~~~~~~~~~~~~~~~~~~~~~~~~~~~~~~~~
=> russia ties 0.0970296763401 [0.58930801567706492, 0.85828721602924052] 0.30632085576096313 [0.7182537790440395, 0.9109069755013951]
[[0.22857142857142856], [0.6], [0.0], [0.0], [0.0], [0.17142857142857143]]
~~~~~~~~~~~~~~~~~~~~~~~~~~~~~~~~~~~~~~~~~~~~~~~~~~~~~~~~~~~~~~~~~~~
=> white house press secretary sean spicer 0.169708753377 [0.13799744113380108, 0.86059834265092561] 0.4085589561501211 [0.3630857522893298, 0.9411867439667743]
[[0.6219512195121951], [0.34146341463414637], [0.0], [0.0], [0.0], [0.036585365853658534]]
~~~~~~~~~~~~~~~~~~~~~~~~~~~~~~~~~~~~~~~~~~~~~~~~~~~~~~~~~~~~~~~~~~~
=> pos 0.519331411609 [0.60679154990967599, 0.6595351024680165] 0.5535637038613898 [0.687740997709517, 0.7604316646069744]
[[0.06666666666666667], [0.0], [0.0], [0.4], [0.13333333333333333], [0.4]]
~~~~~~~~~~~~~~~~~~~~~~~~~~~~~~~~~~~~~~~~~~~~~~~~~~~~~~~~~~~~~~~~~~~
=> ivanka influenced syria strike decision 0.26763383556 [0.86071026743703005, 0.90199702971687035] 0.6147667012364578 [1.0192234003964806, 1.0797767139622163]
[[0.08695652173913043], [0.8695652173913043], [0.0], [0.0], [0.0], [0.043478260869565216]]
~~~~~~~~~~~~~~~~~~~~~~~~~~~~~~~~~~~~~~~~~~~~~~~~~~~~~~~~~~~~~~~~~~~
=> pres 0.308979933852 [0.097778831903585273, 0.47309760202655005] 0.46255320681272466 [0.2871296210130447, 0.666138323561536]
[[0.5483870967741935], [0.0], [0.0], [0.0], [0.25806451612903225], [0.1935483870967742]]
~~~~~~~~~~~~~~~~~~~~~~~~~~~~~~~~~~~~~~~~~~~~~~~~~~~~~~~~~~~~~~~~~~~
=> jr 0.370268333644 [0.10834392035394613, 0.41743652822642463] 0.48795205250569906 [0.2993680168911202, 0.6192441442366087]
[[0.5294117647058824], [0.0], [0.058823529411764705], [0.058823529411764705], [0.29411764705882354], [0.058823529411764705]]
~~~~~~~~~~~~~~~~~~~~~~~~~~~~~~~~~~~~~~~~~~~~~~~~~~~~~~~~~~~~~~~~~~~
=> middle east 0.335982473153 [0.10289329050074991, 0.45197459480104918] 0.49252287300569036 [0.2978955526279701, 0.6583559473060735]
[[0.5714285714285714], [0.0], [0.0], [0.0], [0.2857142857142857], [0.14285714285714285]]
~~~~~~~~~~~~~~~~~~~~~~~~~~~~~~~~~~~~~~~~~~~~~~~~~~~~~~~~~~~~~~~~~~~
=> white house press secretary 0.0893758708682 [0.30994205582145562, 0.85403407695761469] 0.293154191075521 [0.5182175467816377, 0.9045145481821584]
[[0.4423076923076923], [0.4807692307692308], [0.0], [0.0], [0.0], [0.07692307692307693]]
~~~~~~~~~~~~~~~~~~~~~~~~~~~~~~~~~~~~~~~~~~~~~~~~~~~~~~~~~~~~~~~~~~~
=> christ 0.332472827952 [0.41904314461393322, 0.68327844587223907] 0.46805672268266424 [0.5864627030813139, 0.7904893840373411]
[[0.25], [0.0], [0.1], [0.0], [0.1], [0.55]]
~~~~~~~~~~~~~~~~~~~~~~~~~~~~~~~~~~~~~~~~~~~~~~~~~~~~~~~~~~~~~~~~~~~
=> monitor trump adviser carter page 0.284667547592 [0.89772398159137878, 0.90507337080447714] 0.6457791322317705 [1.0577792636750005, 1.0987148560451439]
[[0.05263157894736842], [0.8947368421052632], [0.0], [0.0], [0.0], [0.05263157894736842]]
~~~~~~~~~~~~~~~~~~~~~~~~~~~~~~~~~~~~~~~~~~~~~~~~~~~~~~~~~~~~~~~~~~~
=> uber 0.286097465697 [0.19000413296057439, 0.3916126567936431] 0.3874866614523088 [0.38624040085629485, 0.5817488212737395]
[[0.375], [0.0], [0.125], [0.0], [0.25], [0.25]]
~~~~~~~~~~~~~~~~~~~~~~~~~~~~~~~~~~~~~~~~~~~~~~~~~~~~~~~~~~~~~~~~~~~
=> wonγçöt 0.232090116221 [0.80599164821201141, 0.89394664300919069] 0.547341416668807 [0.9501377884436045, 1.0380617867043869]
[[0.125], [0.8125], [0.0], [0.0], [0.0], [0.0625]]
~~~~~~~~~~~~~~~~~~~~~~~~~~~~~~~~~~~~~~~~~~~~~~~~~~~~~~~~~~~~~~~~~~~
=> ah 0.520852007039 [0.52411965065282429, 0.78822127264034225] 0.5364224602366013 [0.6279547023822929, 0.8142671907975317]
[[0.16666666666666666], [0.0], [0.4583333333333333], [0.08333333333333333], [0.041666666666666664], [0.25]]
~~~~~~~~~~~~~~~~~~~~~~~~~~~~~~~~~~~~~~~~~~~~~~~~~~~~~~~~~~~~~~~~~~~
=> fire sean spicer now 0.10837938538 [0.49517566228420862, 0.84583550010110253] 0.24212871767673022 [0.603169712113277, 0.8309134017364573]
[[0.18181818181818182], [0.4090909090909091], [0.0], [0.22727272727272727], [0.0], [0.18181818181818182]]
~~~~~~~~~~~~~~~~~~~~~~~~~~~~~~~~~~~~~~~~~~~~~~~~~~~~~~~~~~~~~~~~~~~
=> syria strike 0.138638544208 [0.62496845625654174, 0.87174461938351278] 0.3838187197463744 [0.7685979943154421, 0.9495008417751863]
[[0.2361111111111111], [0.6666666666666666], [0.0], [0.0], [0.0], [0.09722222222222222]]
~~~~~~~~~~~~~~~~~~~~~~~~~~~~~~~~~~~~~~~~~~~~~~~~~~~~~~~~~~~~~~~~~~~
=> billion 0.442550928108 [0.20255903910899575, 0.31258413440433164] 0.5704424620431849 [0.42408752402609295, 0.5544702340229775]
[[0.5294117647058824], [0.0], [0.0], [0.058823529411764705], [0.4117647058823529], [0.0]]
~~~~~~~~~~~~~~~~~~~~~~~~~~~~~~~~~~~~~~~~~~~~~~~~~~~~~~~~~~~~~~~~~~~
=> sean spicer apologizes 0.0433671120602 [0.46319063200887445, 0.83906735044104874] 0.19977986841273376 [0.6111638861653248, 0.8674584595716988]
[[0.275], [0.4875], [0.0], [0.0], [0.0], [0.2375]]
~~~~~~~~~~~~~~~~~~~~~~~~~~~~~~~~~~~~~~~~~~~~~~~~~~~~~~~~~~~~~~~~~~~
=> sean spicer holocaust 0.330282603145 [0.44439678484008716, 0.7969525929777197] 0.5292882251817449 [0.6480819620155116, 0.9070229317380122]
[[0.27586206896551724], [0.034482758620689655], [0.0], [0.0], [0.034482758620689655], [0.6551724137931034]]
~~~~~~~~~~~~~~~~~~~~~~~~~~~~~~~~~~~~~~~~~~~~~~~~~~~~~~~~~~~~~~~~~~~
=> russian agent 0.171685522108 [0.6292680499506299, 0.77235315432339147] 0.4150184338796398 [0.7730338584668679, 0.8955668054122823]
[[0.25], [0.6666666666666666], [0.0], [0.0], [0.08333333333333333], [0.0]]
~~~~~~~~~~~~~~~~~~~~~~~~~~~~~~~~~~~~~~~~~~~~~~~~~~~~~~~~~~~~~~~~~~~
=> eric said 0.251557147356 [0.7786226160038725, 0.89749632239748689] 0.5184644870146646 [0.8959991008050884, 1.0019349218440634]
[[0.125], [0.75], [0.0], [0.125], [0.0], [0.0]]
~~~~~~~~~~~~~~~~~~~~~~~~~~~~~~~~~~~~~~~~~~~~~~~~~~~~~~~~~~~~~~~~~~~
=> sean spicerγçös firing 0.136894759818 [0.39978581042315986, 0.87013770708979943] 0.38252741502861415 [0.615827229783494, 0.9488812260092424]
[[0.42857142857142855], [0.5714285714285714], [0.0], [0.0], [0.0], [0.0]]
~~~~~~~~~~~~~~~~~~~~~~~~~~~~~~~~~~~~~~~~~~~~~~~~~~~~~~~~~~~~~~~~~~~
=> thatγçös 0.284237912418 [0.74824957881214682, 0.8679779210113957] 0.42097535881054055 [0.7690563116780472, 0.8751593630659298]
[[0.09090909090909091], [0.45454545454545453], [0.36363636363636365], [0.0], [0.0], [0.09090909090909091]]
~~~~~~~~~~~~~~~~~~~~~~~~~~~~~~~~~~~~~~~~~~~~~~~~~~~~~~~~~~~~~~~~~~~
=> im 0.310303304824 [0.33391868314318685, 0.54295635739479398] 0.40022979755850735 [0.4985363275912057, 0.67237118120551]
[[0.2631578947368421], [0.0], [0.21052631578947367], [0.0], [0.15789473684210525], [0.3684210526315789]]
~~~~~~~~~~~~~~~~~~~~~~~~~~~~~~~~~~~~~~~~~~~~~~~~~~~~~~~~~~~~~~~~~~~
=> sean spicer's job 0.070595449916 [0.19857881126256127, 0.8217040051733292] 0.2251854888681012 [0.39867258646620546, 0.8482763271771785]
[[0.4166666666666667], [0.25], [0.0], [0.0], [0.0], [0.3333333333333333]]
~~~~~~~~~~~~~~~~~~~~~~~~~~~~~~~~~~~~~~~~~~~~~~~~~~~~~~~~~~~~~~~~~~~
=> jesus 0.386716543309 [0.4814358995302469, 0.7591447744636286] 0.4842799380316291 [0.616295002172521, 0.817561153134849]
[[0.1951219512195122], [0.0], [0.2682926829268293], [0.0], [0.04878048780487805], [0.4878048780487805]]
~~~~~~~~~~~~~~~~~~~~~~~~~~~~~~~~~~~~~~~~~~~~~~~~~~~~~~~~~~~~~~~~~~~
=> nancy pelosi calls 0.146969930568 [0.47934248398916901, 0.87459748749950561] 0.40279364830464326 [0.6820112949896067, 0.9609301645920713]
[[0.375], [0.625], [0.0], [0.0], [0.0], [0.0]]
~~~~~~~~~~~~~~~~~~~~~~~~~~~~~~~~~~~~~~~~~~~~~~~~~~~~~~~~~~~~~~~~~~~
=> fire sean spicer 0.0943613716406 [0.58792567620519343, 0.84504379959229081] 0.284136165077859 [0.7027996420345336, 0.8874394678365111]
[[0.21138211382113822], [0.5772357723577236], [0.0], [0.04065040650406504], [0.008130081300813009], [0.16260162601626016]]
~~~~~~~~~~~~~~~~~~~~~~~~~~~~~~~~~~~~~~~~~~~~~~~~~~~~~~~~~~~~~~~~~~~
=> doesnγçöt 0.15616391294 [0.78163688927635011, 0.86050335143522971] 0.3814749054943113 [0.843185545573153, 0.9277639255562085]
[[0.06666666666666667], [0.6], [0.0], [0.0], [0.0], [0.3333333333333333]]
~~~~~~~~~~~~~~~~~~~~~~~~~~~~~~~~~~~~~~~~~~~~~~~~~~~~~~~~~~~~~~~~~~~
=> syria strike proves 0.0449867612005 [0.21010010062809903, 0.82577734678478198] 0.1890634043610662 [0.40959764233583, 0.8498786524443288]
[[0.42105263157894735], [0.3157894736842105], [0.0], [0.0], [0.0], [0.2631578947368421]]
~~~~~~~~~~~~~~~~~~~~~~~~~~~~~~~~~~~~~~~~~~~~~~~~~~~~~~~~~~~~~~~~~~~
=> trump aide 0.0207933674016 [0.44532747113742399, 0.68767434109041736] 0.12363006226572557 [0.5791791718079026, 0.7615860272151478]
[[0.25], [0.4166666666666667], [0.0], [0.0], [0.08333333333333333], [0.25]]
~~~~~~~~~~~~~~~~~~~~~~~~~~~~~~~~~~~~~~~~~~~~~~~~~~~~~~~~~~~~~~~~~~~
=> twitter 0.33454897321 [0.093516030833959429, 0.46459927706954418] 0.46687645451250104 [0.27876667866182886, 0.6530469683401027]
[[0.5408805031446541], [0.0], [0.08176100628930817], [0.0], [0.2578616352201258], [0.11949685534591195]]
~~~~~~~~~~~~~~~~~~~~~~~~~~~~~~~~~~~~~~~~~~~~~~~~~~~~~~~~~~~~~~~~~~~
=> barca 0.347325619098 [0.42033021142200988, 0.77279728756714872] 0.542603558851332 [0.6320079075250661, 0.8950344501251019]
[[0.2972972972972973], [0.0], [0.0], [0.0], [0.05405405405405406], [0.6486486486486487]]
~~~~~~~~~~~~~~~~~~~~~~~~~~~~~~~~~~~~~~~~~~~~~~~~~~~~~~~~~~~~~~~~~~~
=> didnγçöt 0.207497776252 [0.77841767049510358, 0.88758826637979549] 0.5007880618686766 [0.9094897212301156, 1.0098904798114148]
[[0.13636363636363635], [0.7727272727272727], [0.0], [0.0], [0.0], [0.09090909090909091]]
~~~~~~~~~~~~~~~~~~~~~~~~~~~~~~~~~~~~~~~~~~~~~~~~~~~~~~~~~~~~~~~~~~~
=> dybala 0.476814764235 [0.66886056857901743, 0.86631996840213921] 0.7537385211073426 [0.9107556984183841, 1.0651908615367756]
[[0.125], [0.0], [0.0], [0.0], [0.0], [0.875]]
~~~~~~~~~~~~~~~~~~~~~~~~~~~~~~~~~~~~~~~~~~~~~~~~~~~~~~~~~~~~~~~~~~~
=> sean spicer's holocaust comments 0.212881996393 [0.70443231601429424, 0.89178816627940172] 0.5202715802975442 [0.8792916889114876, 1.025700960986652]
[[0.2222222222222222], [0.7777777777777778], [0.0], [0.0], [0.0], [0.0]]
~~~~~~~~~~~~~~~~~~~~~~~~~~~~~~~~~~~~~~~~~~~~~~~~~~~~~~~~~~~~~~~~~~~
=> the holocaust centers 0.247056810702 [0.076739760469894058, 0.56983857319904807] 0.4276149502255368 [0.25643589469894584, 0.7361262500828177]
[[0.6], [0.13333333333333333], [0.0], [0.0], [0.2], [0.06666666666666667]]
~~~~~~~~~~~~~~~~~~~~~~~~~~~~~~~~~~~~~~~~~~~~~~~~~~~~~~~~~~~~~~~~~~~
=> tomahawk 0.424448511997 [0.14253069738124591, 0.4296713900466933] 0.6049932636982442 [0.37942606762325154, 0.6766244107349789]
[[0.6428571428571429], [0.0], [0.0], [0.0], [0.35714285714285715], [0.0]]
~~~~~~~~~~~~~~~~~~~~~~~~~~~~~~~~~~~~~~~~~~~~~~~~~~~~~~~~~~~~~~~~~~~
=> infowars 0.330338475669 [0.10622671936261963, 0.45235526800559567] 0.44601365082445726 [0.29540481456149587, 0.6349745506294202]
[[0.5], [0.0], [0.125], [0.0], [0.25], [0.125]]
~~~~~~~~~~~~~~~~~~~~~~~~~~~~~~~~~~~~~~~~~~~~~~~~~~~~~~~~~~~~~~~~~~~
=> tv 0.786991906654 [0.72635895119844163, 0.63741681730642252] 0.7814869550771046 [0.833850238003549, 0.8167311883704046]
[[0.0425531914893617], [0.0], [0.0], [0.6808510638297872], [0.23404255319148937], [0.0425531914893617]]
~~~~~~~~~~~~~~~~~~~~~~~~~~~~~~~~~~~~~~~~~~~~~~~~~~~~~~~~~~~~~~~~~~~
=> sean spicer claims hitler 0.0945441273973 [0.5888501490451854, 0.85727917160246103] 0.30132706166265016 [0.7162117160285021, 0.9083904724954396]
[[0.2261904761904762], [0.5952380952380952], [0.0], [0.0], [0.0], [0.17857142857142858]]
~~~~~~~~~~~~~~~~~~~~~~~~~~~~~~~~~~~~~~~~~~~~~~~~~~~~~~~~~~~~~~~~~~~
=> hitler comment 0.0539226628608 [0.52064021869062582, 0.84095349963814914] 0.21257823724548755 [0.6461436525737171, 0.8664375682339168]
[[0.22916666666666666], [0.5], [0.0], [0.020833333333333332], [0.0], [0.25]]
~~~~~~~~~~~~~~~~~~~~~~~~~~~~~~~~~~~~~~~~~~~~~~~~~~~~~~~~~~~~~~~~~~~
=> deep state 0.291263766534 [0.28924403399333787, 0.58992932438085011] 0.4022212676733857 [0.4710513202396981, 0.7085286788253952]
[[0.2857142857142857], [0.0], [0.0], [0.14285714285714285], [0.14285714285714285], [0.42857142857142855]]
~~~~~~~~~~~~~~~~~~~~~~~~~~~~~~~~~~~~~~~~~~~~~~~~~~~~~~~~~~~~~~~~~~~
11.846453428268433 48.04122734069824
2   Consumed
**********************************************************
Phase I extracting now
5.747328758239746 53.78855609893799
14171
3   Produced
**********************************************************
125
125
{-0.04266693852109287}
aggregated sketch: [0.6691877102052133, 0.02204087760553714, 0.050095102448876674, 0.10002567395568789, 0.029050772904016524, 0.12959986288066852]
aggregated sketch: [0.07621305030218507, 0.06247537539856792, 0.0362520398986526, 0.025790691333496735, 0.7173530716061648, 0.08191577146093305]
aggregated sketch: [0.2879859584649013, 0.3077982467641669, 0.04128235573664891, 0.05142046812018839, 0.07580183650655281, 0.23571113440754146]
=> fox 0.396056507977 [0.14517573728151489, 0.51564897575121837] 0.4751943501975753 [0.35239584547437214, 0.6740592909400013]
[[0.42857142857142855], [0.0], [0.0], [0.2857142857142857], [0.21428571428571427], [0.07142857142857142]]
~~~~~~~~~~~~~~~~~~~~~~~~~~~~~~~~~~~~~~~~~~~~~~~~~~~~~~~~~~~~~~~~~~~
=> airlines 0.370349900643 [0.0740667631212647, 0.52855930384531757] 0.532049169807426 [0.26118034355388525, 0.7273846342770446]
[[0.625], [0.0], [0.0625], [0.0], [0.25], [0.0625]]
~~~~~~~~~~~~~~~~~~~~~~~~~~~~~~~~~~~~~~~~~~~~~~~~~~~~~~~~~~~~~~~~~~~
=> america first 0.0472544922774 [0.21915774298224588, 0.83123911604293732] 0.18643928456482398 [0.42709618090382584, 0.85625014572285]
[[0.4], [0.3], [0.0], [0.0], [0.0], [0.3]]
~~~~~~~~~~~~~~~~~~~~~~~~~~~~~~~~~~~~~~~~~~~~~~~~~~~~~~~~~~~~~~~~~~~
=> weγçöre 0.0789951440862 [0.28923030406902273, 0.84550948289166916] 0.21574410026650803 [0.4823500533520735, 0.8473321063262126]
[[0.36363636363636365], [0.36363636363636365], [0.18181818181818182], [0.0], [0.0], [0.09090909090909091]]
~~~~~~~~~~~~~~~~~~~~~~~~~~~~~~~~~~~~~~~~~~~~~~~~~~~~~~~~~~~~~~~~~~~
=> twitter goes 0.356864626784 [0.32825253786250363, 0.84984795459754947] 0.5588651513000593 [0.5719417856770657, 0.9530115286745711]
[[0.375], [0.0], [0.0], [0.0], [0.0], [0.625]]
~~~~~~~~~~~~~~~~~~~~~~~~~~~~~~~~~~~~~~~~~~~~~~~~~~~~~~~~~~~~~~~~~~~
=> apprentice 0.414009569534 [0.10515243754306025, 0.50730161246851524] 0.6162190500916885 [0.33817347050194535, 0.7510762512598246]
[[0.6923076923076923], [0.0], [0.0], [0.0], [0.3076923076923077], [0.0]]
~~~~~~~~~~~~~~~~~~~~~~~~~~~~~~~~~~~~~~~~~~~~~~~~~~~~~~~~~~~~~~~~~~~
-----------------------------------------------------------------------------------
=> sickening 0.344152919673 [0.33900546098725048, 0.36379383514274088] 0.43099026010166597 [0.5167766969043436, 0.5700967589440212]
[[0.2727272727272727], [0.0], [0.09090909090909091], [0.0], [0.2727272727272727], [0.36363636363636365]]
~~~~~~~~~~~~~~~~~~~~~~~~~~~~~~~~~~~~~~~~~~~~~~~~~~~~~~~~~~~~~~~~~~~
=> syrian strike 0.234662733668 [0.81285015079856815, 0.90630707287195689] 0.5838924440328689 [0.997268491832718, 1.0831315311643235]
[[0.14285714285714285], [0.8571428571428571], [0.0], [0.0], [0.0], [0.0]]
~~~~~~~~~~~~~~~~~~~~~~~~~~~~~~~~~~~~~~~~~~~~~~~~~~~~~~~~~~~~~~~~~~~
=> trump voters 0.24545930731 [0.83482658086658601, 0.9083785429614436] 0.6043296556292912 [1.0213988193961685, 1.0954255604293335]
[[0.125], [0.875], [0.0], [0.0], [0.0], [0.0]]
~~~~~~~~~~~~~~~~~~~~~~~~~~~~~~~~~~~~~~~~~~~~~~~~~~~~~~~~~~~~~~~~~~~
=> yesterday pepsi 0.24545930731 [0.83482658086658601, 0.9083785429614436] 0.6043296556292912 [1.0213988193961685, 1.0954255604293335]
[[0.125], [0.875], [0.0], [0.0], [0.0], [0.0]]
~~~~~~~~~~~~~~~~~~~~~~~~~~~~~~~~~~~~~~~~~~~~~~~~~~~~~~~~~~~~~~~~~~~
=> claiming hitler 0.180265133342 [0.7762647787091973, 0.89014182953782017] 0.46500039798066434 [0.9087089145121809, 1.0067579216207188]
[[0.13333333333333333], [0.7555555555555555], [0.0], [0.0], [0.0], [0.1111111111111111]]
~~~~~~~~~~~~~~~~~~~~~~~~~~~~~~~~~~~~~~~~~~~~~~~~~~~~~~~~~~~~~~~~~~~
=> defending hitler 0.174640083482 [0.76455111936153219, 0.7224881307654939] 0.38458038355265134 [0.835644123586688, 0.8466321525395981]
[[0.11764705882352941], [0.6470588235294118], [0.0], [0.058823529411764705], [0.11764705882352941], [0.058823529411764705]]
~~~~~~~~~~~~~~~~~~~~~~~~~~~~~~~~~~~~~~~~~~~~~~~~~~~~~~~~~~~~~~~~~~~
=> monitor carter page 0.145619927132 [0.69216989297873188, 0.8339152123229292] 0.39500608192238496 [0.8255521171641922, 0.9406878741346761]
[[0.19230769230769232], [0.6923076923076923], [0.0], [0.0], [0.038461538461538464], [0.07692307692307693]]
~~~~~~~~~~~~~~~~~~~~~~~~~~~~~~~~~~~~~~~~~~~~~~~~~~~~~~~~~~~~~~~~~~~
=> translation 0.567345696163 [0.66733734339994044, 0.58909883485406755] 0.5688284592643049 [0.7241832067282254, 0.7185942866389947]
[[0.08333333333333333], [0.0], [0.4166666666666667], [0.0], [0.16666666666666666], [0.3333333333333333]]
~~~~~~~~~~~~~~~~~~~~~~~~~~~~~~~~~~~~~~~~~~~~~~~~~~~~~~~~~~~~~~~~~~~
=> sadly 0.491668780735 [0.41013469482589071, 0.30810989694849045] 0.5095931189444567 [0.5626583020705123, 0.5297500220778332]
[[0.2631578947368421], [0.0], [0.3157894736842105], [0.0], [0.3157894736842105], [0.10526315789473684]]
~~~~~~~~~~~~~~~~~~~~~~~~~~~~~~~~~~~~~~~~~~~~~~~~~~~~~~~~~~~~~~~~~~~
=> commander in chief 0.462901016114 [0.23545686504221086, 0.29208099237463969] 0.6100482555488922 [0.477278484372819, 0.551907725928952]
[[0.5454545454545454], [0.0], [0.0], [0.0], [0.45454545454545453], [0.0]]
~~~~~~~~~~~~~~~~~~~~~~~~~~~~~~~~~~~~~~~~~~~~~~~~~~~~~~~~~~~~~~~~~~~
=> comparing assad 0.134481303771 [0.74068780617318353, 0.86564425305125781] 0.3513462584292794 [0.8255131565344742, 0.9294283768580998]
[[0.1], [0.6], [0.0], [0.0], [0.0], [0.3]]
~~~~~~~~~~~~~~~~~~~~~~~~~~~~~~~~~~~~~~~~~~~~~~~~~~~~~~~~~~~~~~~~~~~
=> fellow germans 0.24545930731 [0.83482658086658601, 0.9083785429614436] 0.6043296556292912 [1.0213988193961685, 1.0954255604293335]
[[0.125], [0.875], [0.0], [0.0], [0.0], [0.0]]
~~~~~~~~~~~~~~~~~~~~~~~~~~~~~~~~~~~~~~~~~~~~~~~~~~~~~~~~~~~~~~~~~~~
=> fisa court 0.204059999797 [0.79653880114099851, 0.89730097329748915] 0.5150713871020385 [0.947455115977349, 1.0378491287444476]
[[0.13333333333333333], [0.8], [0.0], [0.0], [0.0], [0.06666666666666667]]
~~~~~~~~~~~~~~~~~~~~~~~~~~~~~~~~~~~~~~~~~~~~~~~~~~~~~~~~~~~~~~~~~~~
=> trump transition 0.126339860431 [0.72205047423827518, 0.86863466481811713] 0.34802619350646985 [0.8189346124056627, 0.9350530910770265]
[[0.125], [0.625], [0.0], [0.0], [0.0], [0.25]]
~~~~~~~~~~~~~~~~~~~~~~~~~~~~~~~~~~~~~~~~~~~~~~~~~~~~~~~~~~~~~~~~~~~
=> billion 0.467908683159 [0.2523134499457903, 0.26238912133724857] 0.5895616156739821 [0.481465321408297, 0.513490454947977]
[[0.5], [0.0], [0.0], [0.045454545454545456], [0.45454545454545453], [0.0]]
~~~~~~~~~~~~~~~~~~~~~~~~~~~~~~~~~~~~~~~~~~~~~~~~~~~~~~~~~~~~~~~~~~~
=> russian agent 0.124290553429 [0.64584644847225758, 0.78052665435447566] 0.3463506622093125 [0.7747854893978976, 0.8867723632399647]
[[0.21428571428571427], [0.6428571428571429], [0.0], [0.0], [0.07142857142857142], [0.07142857142857142]]
~~~~~~~~~~~~~~~~~~~~~~~~~~~~~~~~~~~~~~~~~~~~~~~~~~~~~~~~~~~~~~~~~~~
=> good lord 0.149318756742 [0.78941739997105154, 0.77466846936529632] 0.3550620574994822 [0.8429498650031962, 0.8708002523134839]
[[0.06666666666666667], [0.6], [0.0], [0.0], [0.06666666666666667], [0.26666666666666666]]
~~~~~~~~~~~~~~~~~~~~~~~~~~~~~~~~~~~~~~~~~~~~~~~~~~~~~~~~~~~~~~~~~~~
=> ivanka convinced 0.179107530716 [0.7817842298400226, 0.88909090883444719] 0.46034582871989865 [0.9086829611200762, 1.0029410355486061]
[[0.125], [0.75], [0.0], [0.0], [0.0], [0.125]]
~~~~~~~~~~~~~~~~~~~~~~~~~~~~~~~~~~~~~~~~~~~~~~~~~~~~~~~~~~~~~~~~~~~
=> sean spicer gets 0.146633657084 [0.74404312752778212, 0.78979273800947114] 0.3754840572715972 [0.838348014517453, 0.8985376962988209]
[[0.13333333333333333], [0.6666666666666666], [0.0], [0.0], [0.06666666666666667], [0.13333333333333333]]
~~~~~~~~~~~~~~~~~~~~~~~~~~~~~~~~~~~~~~~~~~~~~~~~~~~~~~~~~~~~~~~~~~~
=> concern 0.527542473954 [0.3872524703532253, 0.15829228333620393] 0.5950385049505273 [0.5800885101086692, 0.39634969499684203]
[[0.375], [0.0], [0.125], [0.0], [0.5], [0.0]]
~~~~~~~~~~~~~~~~~~~~~~~~~~~~~~~~~~~~~~~~~~~~~~~~~~~~~~~~~~~~~~~~~~~
=========================================================================================
=> holocaust center 0.0774859910015 [0.1765137399455563, 0.54130505743711033] 0.2112208382523519 [0.38498337738670224, 0.6846501942105604]
[[0.425], [0.26875], [0.0], [0.00625], [0.175], [0.125]]
~~~~~~~~~~~~~~~~~~~~~~~~~~~~~~~~~~~~~~~~~~~~~~~~~~~~~~~~~~~~~~~~~~~
=> fire spicer 0.05291078266 [0.37388686794984571, 0.75078076733438137] 0.1811681077671737 [0.5451011194589819, 0.8024579052527909]
[[0.2727272727272727], [0.3181818181818182], [0.0], [0.0], [0.045454545454545456], [0.36363636363636365]]
~~~~~~~~~~~~~~~~~~~~~~~~~~~~~~~~~~~~~~~~~~~~~~~~~~~~~~~~~~~~~~~~~~~
=> sean spicer must be fired 0.253749913627 [0.88759438485290409, 0.90709514212220266] 0.6066133553291995 [1.0485173537045542, 1.0913683790133253]
[[0.0625], [0.875], [0.0], [0.0], [0.0], [0.0625]]
~~~~~~~~~~~~~~~~~~~~~~~~~~~~~~~~~~~~~~~~~~~~~~~~~~~~~~~~~~~~~~~~~~~
=> maga 0.739677081586 [0.79072019475232247, 0.56601017474591275] 0.7127447660781435 [0.8392403450172775, 0.7419347897708108]
[[0.0], [0.0], [0.0], [0.5833333333333334], [0.25], [0.16666666666666666]]
~~~~~~~~~~~~~~~~~~~~~~~~~~~~~~~~~~~~~~~~~~~~~~~~~~~~~~~~~~~~~~~~~~~
=> trumprussia 0.213593951924 [0.11597025070502476, 0.45379066007092794] 0.33834437376862797 [0.3239940759615679, 0.6282051333739946]
[[0.4444444444444444], [0.1111111111111111], [0.1111111111111111], [0.0], [0.2222222222222222], [0.1111111111111111]]
~~~~~~~~~~~~~~~~~~~~~~~~~~~~~~~~~~~~~~~~~~~~~~~~~~~~~~~~~~~~~~~~~~~
=> anne frank center calls 0.0217802626524 [0.34123527361024908, 0.83892039407857788] 0.14592542960161883 [0.5299098908257621, 0.8636402783898193]
[[0.3384615384615385], [0.4153846153846154], [0.0], [0.0], [0.0], [0.24615384615384617]]
~~~~~~~~~~~~~~~~~~~~~~~~~~~~~~~~~~~~~~~~~~~~~~~~~~~~~~~~~~~~~~~~~~~
=> meanwhile 0.738806027197 [0.74236654690701609, 0.81745007741017262] 0.7562445660012673 [0.8488504940063463, 0.9254115969012513]
[[0.10344827586206896], [0.0], [0.6896551724137931], [0.0], [0.06896551724137931], [0.13793103448275862]]
~~~~~~~~~~~~~~~~~~~~~~~~~~~~~~~~~~~~~~~~~~~~~~~~~~~~~~~~~~~~~~~~~~~
=> nazi death camps 0.12097915114 [0.4802173499795801, 0.88057022734311807] 0.3759129029491746 [0.690920782994082, 0.9700841005086547]
[[0.375], [0.625], [0.0], [0.0], [0.0], [0.0]]
~~~~~~~~~~~~~~~~~~~~~~~~~~~~~~~~~~~~~~~~~~~~~~~~~~~~~~~~~~~~~~~~~~~
=> sean spicer credits hitler 0.344046063213 [0.29487712763467189, 0.84863331993072633] 0.5448385864284444 [0.5387849005875951, 0.9473145526589049]
[[0.4], [0.0], [0.0], [0.0], [0.0], [0.6]]
~~~~~~~~~~~~~~~~~~~~~~~~~~~~~~~~~~~~~~~~~~~~~~~~~~~~~~~~~~~~~~~~~~~
=> omfg 0.581164844322 [0.7369415049606407, 0.66775143128553227] 0.6184661820260173 [0.7955479554650274, 0.7925227362630555]
[[0.0], [0.0], [0.0], [0.35714285714285715], [0.14285714285714285], [0.5]]
~~~~~~~~~~~~~~~~~~~~~~~~~~~~~~~~~~~~~~~~~~~~~~~~~~~~~~~~~~~~~~~~~~~
=> trump administration 0.135124773699 [0.64825492701257836, 0.79185224619755945] 0.3667925051445055 [0.7842125011170541, 0.9014227476711346]
[[0.2214765100671141], [0.6577181208053692], [0.0], [0.006711409395973154], [0.06711409395973154], [0.04697986577181208]]
~~~~~~~~~~~~~~~~~~~~~~~~~~~~~~~~~~~~~~~~~~~~~~~~~~~~~~~~~~~~~~~~~~~
=> welp 0.460253978423 [0.54266182350375458, 0.85282988319370934] 0.5706374342268953 [0.6953579487641183, 0.9090715100887956]
[[0.16666666666666666], [0.0], [0.25], [0.0], [0.0], [0.5833333333333334]]
~~~~~~~~~~~~~~~~~~~~~~~~~~~~~~~~~~~~~~~~~~~~~~~~~~~~~~~~~~~~~~~~~~~
=> gee 0.77810135697 [0.74996827843075964, 0.67751676391592319] 0.7817331140960144 [0.8591262053309027, 0.8478180910559382]
[[0.125], [0.0], [0.6875], [0.0], [0.1875], [0.0]]
~~~~~~~~~~~~~~~~~~~~~~~~~~~~~~~~~~~~~~~~~~~~~~~~~~~~~~~~~~~~~~~~~~~
=> holocaust centers 0.0665281373691 [0.15254848482812089, 0.58773384142442731] 0.19530152252253333 [0.3614089495112294, 0.7102460054915642]
[[0.4296724470134875], [0.25626204238921], [0.0], [0.01348747591522158], [0.14450867052023122], [0.15606936416184972]]
~~~~~~~~~~~~~~~~~~~~~~~~~~~~~~~~~~~~~~~~~~~~~~~~~~~~~~~~~~~~~~~~~~~
=> man sean spicer 0.0341866542319 [0.28009000115462546, 0.63386262401121307] 0.15103679324294828 [0.47604908405770874, 0.7415153089838991]
[[0.375], [0.375], [0.0], [0.0], [0.125], [0.125]]
~~~~~~~~~~~~~~~~~~~~~~~~~~~~~~~~~~~~~~~~~~~~~~~~~~~~~~~~~~~~~~~~~~~
=> monitor former trump adviser carter page 0.312731709296 [0.95827440397755059, 0.92076279593971266] 0.7399551017488979 [1.1745066441764884, 1.1823797853540647]
[[0.0125], [0.9875], [0.0], [0.0], [0.0], [0.0]]
~~~~~~~~~~~~~~~~~~~~~~~~~~~~~~~~~~~~~~~~~~~~~~~~~~~~~~~~~~~~~~~~~~~
=> happy passover 0.258486196655 [0.21967191198781788, 0.74939031277566337] 0.42823669725236496 [0.43768329100689723, 0.8422122030764437]
[[0.40963855421686746], [0.04819277108433735], [0.0], [0.0], [0.060240963855421686], [0.4819277108433735]]
~~~~~~~~~~~~~~~~~~~~~~~~~~~~~~~~~~~~~~~~~~~~~~~~~~~~~~~~~~~~~~~~~~~
=> heγçös 0.167621486206 [0.73496689129808879, 0.88502650239481961] 0.40998850622569283 [0.8466918227908352, 0.9650318558265529]
[[0.15384615384615385], [0.6923076923076923], [0.07692307692307693], [0.0], [0.0], [0.07692307692307693]]
~~~~~~~~~~~~~~~~~~~~~~~~~~~~~~~~~~~~~~~~~~~~~~~~~~~~~~~~~~~~~~~~~~~
=> colluding with russia 0.121775127903 [0.66207256278998916, 0.87641813340277874] 0.3612473126696114 [0.7983785767349703, 0.954597811428748]
[[0.2], [0.6666666666666666], [0.0], [0.0], [0.0], [0.13333333333333333]]
~~~~~~~~~~~~~~~~~~~~~~~~~~~~~~~~~~~~~~~~~~~~~~~~~~~~~~~~~~~~~~~~~~~
=> sean spicer meant 0.119894551241 [0.63983608451408847, 0.87726255239391848] 0.36150960754781203 [0.7865257518452401, 0.9568617392844486]
[[0.2222222222222222], [0.6666666666666666], [0.0], [0.0], [0.0], [0.1111111111111111]]
~~~~~~~~~~~~~~~~~~~~~~~~~~~~~~~~~~~~~~~~~~~~~~~~~~~~~~~~~~~~~~~~~~~
=> ffs 0.619265023621 [0.73621304005878796, 0.75387060140998718] 0.6363028744903984 [0.7941725118542171, 0.8403510817979114]
[[0.0], [0.0], [0.030303030303030304], [0.45454545454545453], [0.09090909090909091], [0.42424242424242425]]
~~~~~~~~~~~~~~~~~~~~~~~~~~~~~~~~~~~~~~~~~~~~~~~~~~~~~~~~~~~~~~~~~~~
=> geez 0.537434305512 [0.63333966171454192, 0.69969404149076952] 0.5648615006372925 [0.7141615209089544, 0.7878457645266409]
[[0.1], [0.0], [0.4], [0.0], [0.1], [0.4]]
~~~~~~~~~~~~~~~~~~~~~~~~~~~~~~~~~~~~~~~~~~~~~~~~~~~~~~~~~~~~~~~~~~~
=> former trump adviser carter page 0.26643246376 [0.8895073093587057, 0.91129327386824732] 0.6396486309409175 [1.0715568361442722, 1.1151794937716726]
[[0.07142857142857142], [0.9047619047619048], [0.0], [0.0], [0.0], [0.023809523809523808]]
~~~~~~~~~~~~~~~~~~~~~~~~~~~~~~~~~~~~~~~~~~~~~~~~~~~~~~~~~~~~~~~~~~~
=> breaking 0.616351771923 [0.66603103558134158, 0.55369483428835209] 0.5747354538040687 [0.710427193405087, 0.6885651333019754]
[[0.050505050505050504], [0.0], [0.10101010101010101], [0.43434343434343436], [0.1919191919191919], [0.2222222222222222]]
~~~~~~~~~~~~~~~~~~~~~~~~~~~~~~~~~~~~~~~~~~~~~~~~~~~~~~~~~~~~~~~~~~~
=> republican 0.314718215689 [0.14589345650483088, 0.42489189862262866] 0.4132358432496729 [0.3549809831255081, 0.6112601589634881]
[[0.41379310344827586], [0.0], [0.13793103448275862], [0.0], [0.2413793103448276], [0.20689655172413793]]
~~~~~~~~~~~~~~~~~~~~~~~~~~~~~~~~~~~~~~~~~~~~~~~~~~~~~~~~~~~~~~~~~~~
=> russian spy 0.100325110862 [0.61819357855034385, 0.86969425560500846] 0.29678359861477127 [0.7387331266836117, 0.9140687627181698]
[[0.2], [0.6], [0.0], [0.06666666666666667], [0.0], [0.13333333333333333]]
~~~~~~~~~~~~~~~~~~~~~~~~~~~~~~~~~~~~~~~~~~~~~~~~~~~~~~~~~~~~~~~~~~~
=> holocaust gaffe 0.149705461355 [0.63259086133110576, 0.77757328601886] 0.3936153949847476 [0.785273059644045, 0.9041835369591533]
[[0.25], [0.6666666666666666], [0.0], [0.0], [0.08333333333333333], [0.0]]
~~~~~~~~~~~~~~~~~~~~~~~~~~~~~~~~~~~~~~~~~~~~~~~~~~~~~~~~~~~~~~~~~~~
=> us secretary of state 0.112477005318 [0.29956384880926545, 0.87260532283366232] 0.3508683507656461 [0.5368235449640689, 0.9515073115160856]
[[0.5], [0.5], [0.0], [0.0], [0.0], [0.0]]
~~~~~~~~~~~~~~~~~~~~~~~~~~~~~~~~~~~~~~~~~~~~~~~~~~~~~~~~~~~~~~~~~~~
=> ww3 0.835982397999 [0.83827315251137757, 0.56934377921557244] 0.8352979107648196 [0.93156152844136, 0.7956334300631186]
[[0.0], [0.0], [0.0], [0.6923076923076923], [0.3076923076923077], [0.0]]
~~~~~~~~~~~~~~~~~~~~~~~~~~~~~~~~~~~~~~~~~~~~~~~~~~~~~~~~~~~~~~~~~~~
=> sean spicer flubbed the holocaust 0.304509881957 [0.04797699564701341, 0.85769445594218297] 0.5359777408342427 [0.23023943095328453, 0.9682364835567527]
[[0.6666666666666666], [0.0], [0.0], [0.0], [0.0], [0.3333333333333333]]
~~~~~~~~~~~~~~~~~~~~~~~~~~~~~~~~~~~~~~~~~~~~~~~~~~~~~~~~~~~~~~~~~~~
=> fbi fisa warrant 0.417124973522 [0.63988985125310061, 0.85980963240965469] 0.5909891339657325 [0.7923299530047412, 0.9535311160644889]
[[0.1], [0.1], [0.0], [0.1], [0.0], [0.7]]
~~~~~~~~~~~~~~~~~~~~~~~~~~~~~~~~~~~~~~~~~~~~~~~~~~~~~~~~~~~~~~~~~~~
=> bless 0.332893551364 [0.097959837168875352, 0.5186060311953884] 0.4203529612523148 [0.3039090236519681, 0.6666140179112754]
[[0.4375], [0.0], [0.1875], [0.0625], [0.1875], [0.125]]
~~~~~~~~~~~~~~~~~~~~~~~~~~~~~~~~~~~~~~~~~~~~~~~~~~~~~~~~~~~~~~~~~~~
=> didnγçöt use chemical weapons 0.16084171255 [0.67179897289870594, 0.88990315544105325] 0.4446651132430421 [0.8428773654149536, 1.0032125281489739]
[[0.23333333333333334], [0.7333333333333333], [0.0], [0.0], [0.0], [0.03333333333333333]]
~~~~~~~~~~~~~~~~~~~~~~~~~~~~~~~~~~~~~~~~~~~~~~~~~~~~~~~~~~~~~~~~~~~
=> congress 0.364909225101 [0.085560788417487599, 0.48545559582647235] 0.5210615874710008 [0.2786159301177302, 0.6925598350584373]
[[0.6020408163265306], [0.0], [0.030612244897959183], [0.01020408163265306], [0.2755102040816326], [0.08163265306122448]]
~~~~~~~~~~~~~~~~~~~~~~~~~~~~~~~~~~~~~~~~~~~~~~~~~~~~~~~~~~~~~~~~~~~
=> eric trump says syria strike 0.101826030654 [0.54770025457878968, 0.87449505877439171] 0.33427146497813104 [0.7212503799199252, 0.9476724887318885]
[[0.29347826086956524], [0.6304347826086957], [0.0], [0.0], [0.0], [0.07608695652173914]]
~~~~~~~~~~~~~~~~~~~~~~~~~~~~~~~~~~~~~~~~~~~~~~~~~~~~~~~~~~~~~~~~~~~
=> itγçös 0.206202291812 [0.7738994058554175, 0.88082208520477001] 0.3968978638393316 [0.8276146338687963, 0.9210619752772217]
[[0.1], [0.6], [0.22], [0.0], [0.0], [0.08]]
~~~~~~~~~~~~~~~~~~~~~~~~~~~~~~~~~~~~~~~~~~~~~~~~~~~~~~~~~~~~~~~~~~~
=> eric trump admits 0.0274902579102 [0.40568523387135302, 0.84406571180412215] 0.1647031109232126 [0.5802030045504488, 0.8723713607046917]
[[0.3076923076923077], [0.46153846153846156], [0.0], [0.0], [0.0], [0.23076923076923078]]
~~~~~~~~~~~~~~~~~~~~~~~~~~~~~~~~~~~~~~~~~~~~~~~~~~~~~~~~~~~~~~~~~~~
=> making america 0.0608068765304 [0.43905830997708062, 0.83378670589848636] 0.20826490265698688 [0.5980477113213546, 0.8592501657183295]
[[0.25], [0.375], [0.0], [0.0], [0.0], [0.375]]
~~~~~~~~~~~~~~~~~~~~~~~~~~~~~~~~~~~~~~~~~~~~~~~~~~~~~~~~~~~~~~~~~~~
=> russia ties 0.100344754106 [0.62132039392202776, 0.8703570123956158] 0.3211106615982546 [0.7593063173502893, 0.9355694612235189]
[[0.21739130434782608], [0.6304347826086957], [0.0], [0.0], [0.0], [0.15217391304347827]]
~~~~~~~~~~~~~~~~~~~~~~~~~~~~~~~~~~~~~~~~~~~~~~~~~~~~~~~~~~~~~~~~~~~
=> trump kids 0.184577055766 [0.76339969024765963, 0.89287525746037244] 0.47887972340442125 [0.9101463356154925, 1.0173209024332115]
[[0.15384615384615385], [0.7692307692307693], [0.0], [0.0], [0.0], [0.07692307692307693]]
~~~~~~~~~~~~~~~~~~~~~~~~~~~~~~~~~~~~~~~~~~~~~~~~~~~~~~~~~~~~~~~~~~~
=> white house press secretary sean spicer 0.151764433685 [0.13735379624759525, 0.86833133221868619] 0.3941186286046106 [0.3668545878718701, 0.9542973434469053]
[[0.625], [0.34615384615384615], [0.0], [0.0], [0.0], [0.028846153846153848]]
~~~~~~~~~~~~~~~~~~~~~~~~~~~~~~~~~~~~~~~~~~~~~~~~~~~~~~~~~~~~~~~~~~~
=> tomahawks 0.329703753558 [0.13345617198752413, 0.40171620955311516] 0.46513362126836255 [0.3397396987645195, 0.6137553367156814]
[[0.5], [0.0], [0.0], [0.0], [0.3], [0.2]]
~~~~~~~~~~~~~~~~~~~~~~~~~~~~~~~~~~~~~~~~~~~~~~~~~~~~~~~~~~~~~~~~~~~
=> pos 0.600873207599 [0.67220234210421004, 0.56578933669864639] 0.5937778760297902 [0.7332669449140073, 0.7099013613659536]
[[0.05], [0.0], [0.0], [0.45], [0.2], [0.3]]
~~~~~~~~~~~~~~~~~~~~~~~~~~~~~~~~~~~~~~~~~~~~~~~~~~~~~~~~~~~~~~~~~~~
=> god bless 0.0556928212782 [0.50593636487462601, 0.84075526114578636] 0.20820199149429244 [0.6457947988990136, 0.8693460605632176]
[[0.2222222222222222], [0.4444444444444444], [0.0], [0.0], [0.0], [0.3333333333333333]]
~~~~~~~~~~~~~~~~~~~~~~~~~~~~~~~~~~~~~~~~~~~~~~~~~~~~~~~~~~~~~~~~~~~
=> ivanka influenced syria strike decision 0.264874504056 [0.8919615064199764, 0.91057108464351166] 0.6344697259947852 [1.0692304812082831, 1.1111196739230058]
[[0.06666666666666667], [0.9], [0.0], [0.0], [0.0], [0.03333333333333333]]
~~~~~~~~~~~~~~~~~~~~~~~~~~~~~~~~~~~~~~~~~~~~~~~~~~~~~~~~~~~~~~~~~~~
=> pres 0.3341010584 [0.10690256893870975, 0.4412626304518581] 0.48080230146099834 [0.3067200478908819, 0.6491119444260114]
[[0.5428571428571428], [0.0], [0.0], [0.0], [0.2857142857142857], [0.17142857142857143]]
~~~~~~~~~~~~~~~~~~~~~~~~~~~~~~~~~~~~~~~~~~~~~~~~~~~~~~~~~~~~~~~~~~~
=> l 0.689957701338 [0.68663011616798086, 0.59761448864738864] 0.6713926664136872 [0.7680116922533488, 0.7504794582062991]
[[0.07142857142857142], [0.0], [0.0], [0.5714285714285714], [0.21428571428571427], [0.14285714285714285]]
~~~~~~~~~~~~~~~~~~~~~~~~~~~~~~~~~~~~~~~~~~~~~~~~~~~~~~~~~~~~~~~~~~~
=> jr 0.365211133908 [0.11610386549964336, 0.40290035315819961] 0.4860697152646033 [0.31751711090768076, 0.6137310115452431]
[[0.5217391304347826], [0.0], [0.043478260869565216], [0.043478260869565216], [0.30434782608695654], [0.08695652173913043]]
~~~~~~~~~~~~~~~~~~~~~~~~~~~~~~~~~~~~~~~~~~~~~~~~~~~~~~~~~~~~~~~~~~~
=> middle east 0.345141269127 [0.081899591327285193, 0.49451396158638428] 0.5097272132429049 [0.27295587521767156, 0.6998353206420231]
[[0.6], [0.0], [0.0], [0.0], [0.26666666666666666], [0.13333333333333333]]
~~~~~~~~~~~~~~~~~~~~~~~~~~~~~~~~~~~~~~~~~~~~~~~~~~~~~~~~~~~~~~~~~~~
=> white house press secretary 0.0461093647501 [0.2948452175899382, 0.83037627947664672] 0.21146510422702464 [0.5025771973429608, 0.8785351812463633]
[[0.417910447761194], [0.44776119402985076], [0.0], [0.0], [0.014925373134328358], [0.11940298507462686]]
~~~~~~~~~~~~~~~~~~~~~~~~~~~~~~~~~~~~~~~~~~~~~~~~~~~~~~~~~~~~~~~~~~~
=> christ 0.3530355952 [0.36019047493054457, 0.73331477885449714] 0.4939698536917276 [0.5598874771344257, 0.8338297528166679]
[[0.2962962962962963], [0.0], [0.07407407407407407], [0.0], [0.07407407407407407], [0.5555555555555556]]
~~~~~~~~~~~~~~~~~~~~~~~~~~~~~~~~~~~~~~~~~~~~~~~~~~~~~~~~~~~~~~~~~~~
=> centersγçö comment sparks social media outrage 0.42489650214 [0.038998052546268092, 0.89778642903035211] 0.8217669714890713 [0.39548891090184396, 1.1779550802573509]
[[1.0], [0.0], [0.0], [0.0], [0.0], [0.0]]
~~~~~~~~~~~~~~~~~~~~~~~~~~~~~~~~~~~~~~~~~~~~~~~~~~~~~~~~~~~~~~~~~~~
=> cubs 0.334090378972 [0.31048719718319007, 0.74242725625922468] 0.4801614632702255 [0.5192781818308451, 0.8376844644884682]
[[0.3333333333333333], [0.0], [0.06666666666666667], [0.0], [0.06666666666666667], [0.5333333333333333]]
~~~~~~~~~~~~~~~~~~~~~~~~~~~~~~~~~~~~~~~~~~~~~~~~~~~~~~~~~~~~~~~~~~~
=> monitor trump adviser carter page 0.274929224628 [0.9150192579992813, 0.91196439219447478] 0.6517521360346313 [1.0917819643969326, 1.12104973478881]
[[0.043478260869565216], [0.9130434782608695], [0.0], [0.0], [0.0], [0.043478260869565216]]
~~~~~~~~~~~~~~~~~~~~~~~~~~~~~~~~~~~~~~~~~~~~~~~~~~~~~~~~~~~~~~~~~~~
=> anne frank center calls on trump 0.0895839825558 [0.14447782474583371, 0.83326506575189585] 0.2534460206435706 [0.3517847997945551, 0.8669011925959694]
[[0.46153846153846156], [0.23076923076923078], [0.0], [0.0], [0.0], [0.3076923076923077]]
~~~~~~~~~~~~~~~~~~~~~~~~~~~~~~~~~~~~~~~~~~~~~~~~~~~~~~~~~~~~~~~~~~~
=> uber 0.445328675433 [0.35809449463645138, 0.52805983587123539] 0.4816155436112512 [0.5272890859205327, 0.6699294743949381]
[[0.2727272727272727], [0.0], [0.36363636363636365], [0.0], [0.18181818181818182], [0.18181818181818182]]
~~~~~~~~~~~~~~~~~~~~~~~~~~~~~~~~~~~~~~~~~~~~~~~~~~~~~~~~~~~~~~~~~~~
=> wonγçöt 0.230239583671 [0.83895151703833215, 0.90310415903678409] 0.5650641209040769 [0.9986403113244477, 1.0675374419415757]
[[0.10526315789473684], [0.8421052631578947], [0.0], [0.0], [0.0], [0.05263157894736842]]
~~~~~~~~~~~~~~~~~~~~~~~~~~~~~~~~~~~~~~~~~~~~~~~~~~~~~~~~~~~~~~~~~~~
=> ah 0.588744639579 [0.60158853246989619, 0.82048991213336597] 0.5930594115421688 [0.6980709862531234, 0.8528886181497514]
[[0.13333333333333333], [0.0], [0.5], [0.06666666666666667], [0.03333333333333333], [0.26666666666666666]]
~~~~~~~~~~~~~~~~~~~~~~~~~~~~~~~~~~~~~~~~~~~~~~~~~~~~~~~~~~~~~~~~~~~
=> hitler used chemical weapons 0.166571185751 [0.76219875393774994, 0.88589991256877498] 0.43706751917392417 [0.8864200750944139, 0.9900889997621066]
[[0.13513513513513514], [0.7297297297297297], [0.0], [0.0], [0.0], [0.13513513513513514]]
~~~~~~~~~~~~~~~~~~~~~~~~~~~~~~~~~~~~~~~~~~~~~~~~~~~~~~~~~~~~~~~~~~~
=> eric trump says dad bombed syria 0.410419543516 [0.45109847226248601, 0.85639886421671896] 0.622919192893764 [0.6921379831299723, 0.9835160512922271]
[[0.2857142857142857], [0.0], [0.0], [0.0], [0.0], [0.7142857142857143]]
~~~~~~~~~~~~~~~~~~~~~~~~~~~~~~~~~~~~~~~~~~~~~~~~~~~~~~~~~~~~~~~~~~~
=> fire sean spicer now 0.104561812135 [0.5814949447887845, 0.85435373882716037] 0.24433486500824894 [0.6705222723202922, 0.8493030144682897]
[[0.14705882352941177], [0.4411764705882353], [0.0], [0.20588235294117646], [0.0], [0.20588235294117646]]
~~~~~~~~~~~~~~~~~~~~~~~~~~~~~~~~~~~~~~~~~~~~~~~~~~~~~~~~~~~~~~~~~~~
=> syria strike 0.115962539773 [0.59759294361272086, 0.8778625979488055] 0.35917129245939916 [0.7613285611770224, 0.9584970014259193]
[[0.26136363636363635], [0.6590909090909091], [0.0], [0.0], [0.0], [0.07954545454545454]]
~~~~~~~~~~~~~~~~~~~~~~~~~~~~~~~~~~~~~~~~~~~~~~~~~~~~~~~~~~~~~~~~~~~
=> sean spicer apologizes 0.0357260405574 [0.45701498000139507, 0.84249363622604601] 0.177226032888551 [0.6141947397822765, 0.8700940134638117]
[[0.2647058823529412], [0.46078431372549017], [0.0], [0.0], [0.0], [0.27450980392156865]]
~~~~~~~~~~~~~~~~~~~~~~~~~~~~~~~~~~~~~~~~~~~~~~~~~~~~~~~~~~~~~~~~~~~
=> western 0.435713253423 [0.18690920595527305, 0.37846074025688714] 0.5349929871044581 [0.40137829818185106, 0.5983585882815057]
[[0.5], [0.0], [0.16666666666666666], [0.0], [0.3333333333333333], [0.0]]
~~~~~~~~~~~~~~~~~~~~~~~~~~~~~~~~~~~~~~~~~~~~~~~~~~~~~~~~~~~~~~~~~~~
=> sean spicer holocaust 0.345019404783 [0.3998031189715201, 0.75755108350966061] 0.5178424080637293 [0.6081970058867863, 0.8718616153494336]
[[0.2903225806451613], [0.03225806451612903], [0.0], [0.0], [0.06451612903225806], [0.6129032258064516]]
~~~~~~~~~~~~~~~~~~~~~~~~~~~~~~~~~~~~~~~~~~~~~~~~~~~~~~~~~~~~~~~~~~~
=> hitler never used chemical weapons 0.187355860391 [0.73935225110527925, 0.89533686504097221] 0.4909020430984166 [0.9042449966000896, 1.027240948627578]
[[0.18518518518518517], [0.7777777777777778], [0.0], [0.0], [0.0], [0.037037037037037035]]
~~~~~~~~~~~~~~~~~~~~~~~~~~~~~~~~~~~~~~~~~~~~~~~~~~~~~~~~~~~~~~~~~~~
=> don the con 0.11014858311 [0.2818291845747718, 0.86812963819679845] 0.2897207541861141 [0.49107529145125256, 0.8971070707731857]
[[0.42857142857142855], [0.42857142857142855], [0.0], [0.14285714285714285], [0.0], [0.0]]
~~~~~~~~~~~~~~~~~~~~~~~~~~~~~~~~~~~~~~~~~~~~~~~~~~~~~~~~~~~~~~~~~~~
=> sean spicerγçös firing 0.115159534176 [0.4423329991171564, 0.87844403359863954] 0.36423910882377986 [0.6591912669203698, 0.9638069113787586]
[[0.4], [0.6], [0.0], [0.0], [0.0], [0.0]]
~~~~~~~~~~~~~~~~~~~~~~~~~~~~~~~~~~~~~~~~~~~~~~~~~~~~~~~~~~~~~~~~~~~
=> thatγçös 0.272892314268 [0.7614559405602529, 0.869435257536055] 0.4054582085426661 [0.7803901985230827, 0.8735512503296978]
[[0.07142857142857142], [0.42857142857142855], [0.35714285714285715], [0.0], [0.0], [0.14285714285714285]]
~~~~~~~~~~~~~~~~~~~~~~~~~~~~~~~~~~~~~~~~~~~~~~~~~~~~~~~~~~~~~~~~~~~
=> im 0.408565391756 [0.43635190737193741, 0.55369420259382252] 0.4617766600672344 [0.5776748074130498, 0.6846606734490686]
[[0.2], [0.0], [0.28], [0.0], [0.16], [0.36]]
~~~~~~~~~~~~~~~~~~~~~~~~~~~~~~~~~~~~~~~~~~~~~~~~~~~~~~~~~~~~~~~~~~~
=> sean spicer's job 0.0689888682483 [0.15056107496205862, 0.8350280974340607] 0.2267554893752251 [0.3586393289095383, 0.8667692642652229]
[[0.4634146341463415], [0.2682926829268293], [0.0], [0.0], [0.0], [0.2682926829268293]]
~~~~~~~~~~~~~~~~~~~~~~~~~~~~~~~~~~~~~~~~~~~~~~~~~~~~~~~~~~~~~~~~~~~
=> white house press 0.0132725230847 [0.27848506952321772, 0.68264138948744901] 0.09716831583563015 [0.47289081400701993, 0.7620606741079916]
[[0.34782608695652173], [0.34782608695652173], [0.0], [0.0], [0.08695652173913043], [0.21739130434782608]]
~~~~~~~~~~~~~~~~~~~~~~~~~~~~~~~~~~~~~~~~~~~~~~~~~~~~~~~~~~~~~~~~~~~
=> jesus 0.432854407731 [0.46198345630911875, 0.78654047223371859] 0.5080908753934488 [0.6118008160986296, 0.8334196613029399]
[[0.2037037037037037], [0.0], [0.3148148148148148], [0.0], [0.037037037037037035], [0.4444444444444444]]
~~~~~~~~~~~~~~~~~~~~~~~~~~~~~~~~~~~~~~~~~~~~~~~~~~~~~~~~~~~~~~~~~~~
=> fire sean spicer 0.0793520148762 [0.59156927965952366, 0.84432634737238099] 0.2645806624380095 [0.7164743512240115, 0.8935693499427123]
[[0.21153846153846154], [0.5769230769230769], [0.0], [0.03205128205128205], [0.01282051282051282], [0.16666666666666666]]
~~~~~~~~~~~~~~~~~~~~~~~~~~~~~~~~~~~~~~~~~~~~~~~~~~~~~~~~~~~~~~~~~~~
=> doesnγçöt 0.174691396661 [0.81982176684275732, 0.87471164670573232] 0.4162030246479745 [0.8942308290311052, 0.9594873146558679]
[[0.05], [0.65], [0.0], [0.0], [0.0], [0.3]]
~~~~~~~~~~~~~~~~~~~~~~~~~~~~~~~~~~~~~~~~~~~~~~~~~~~~~~~~~~~~~~~~~~~
=> syria strike proves 0.0357147939324 [0.21711210552766647, 0.83739401013486214] 0.17405678647201153 [0.42657609201576774, 0.8648994912275069]
[[0.4230769230769231], [0.34615384615384615], [0.0], [0.0], [0.0], [0.23076923076923078]]
~~~~~~~~~~~~~~~~~~~~~~~~~~~~~~~~~~~~~~~~~~~~~~~~~~~~~~~~~~~~~~~~~~~
=> watching sean spicer 0.0933603225982 [0.4841505334683226, 0.81429297620724383] 0.306577004186805 [0.6655551894113649, 0.8992592524037601]
[[0.3333333333333333], [0.5833333333333334], [0.0], [0.0], [0.041666666666666664], [0.041666666666666664]]
~~~~~~~~~~~~~~~~~~~~~~~~~~~~~~~~~~~~~~~~~~~~~~~~~~~~~~~~~~~~~~~~~~~
=> trump aide 0.0930902472907 [0.62724082121276814, 0.79531755816901539] 0.2902705401059917 [0.7452517450990163, 0.8756703294977413]
[[0.2], [0.6], [0.0], [0.0], [0.05], [0.15]]
~~~~~~~~~~~~~~~~~~~~~~~~~~~~~~~~~~~~~~~~~~~~~~~~~~~~~~~~~~~~~~~~~~~
=> russia knew 0.200777755987 [0.73824115266546908, 0.89958724185724848] 0.5213378808912845 [0.9204565944663917, 1.046918793186582]
[[0.2], [0.8], [0.0], [0.0], [0.0], [0.0]]
~~~~~~~~~~~~~~~~~~~~~~~~~~~~~~~~~~~~~~~~~~~~~~~~~~~~~~~~~~~~~~~~~~~
=> ask sean spicer 0.0950757766059 [0.65083764002242694, 0.86139100841381944] 0.2954270636055562 [0.7614539502183394, 0.9135904476065221]
[[0.16666666666666666], [0.5833333333333334], [0.0], [0.0], [0.0], [0.25]]
~~~~~~~~~~~~~~~~~~~~~~~~~~~~~~~~~~~~~~~~~~~~~~~~~~~~~~~~~~~~~~~~~~~
=> twitter 0.341868459064 [0.09047402432009144, 0.46602030557702689] 0.47347393408326743 [0.28192183413117394, 0.6596235258607953]
[[0.5402843601895735], [0.0], [0.07582938388625593], [0.0], [0.26066350710900477], [0.12322274881516587]]
~~~~~~~~~~~~~~~~~~~~~~~~~~~~~~~~~~~~~~~~~~~~~~~~~~~~~~~~~~~~~~~~~~~
=> ps 0.753490060258 [0.79411814686617632, 0.60665834196080981] 0.7331229811521898 [0.8527342585937202, 0.7770329178849769]
[[0.0], [0.0], [0.0], [0.6153846153846154], [0.23076923076923078], [0.15384615384615385]]
~~~~~~~~~~~~~~~~~~~~~~~~~~~~~~~~~~~~~~~~~~~~~~~~~~~~~~~~~~~~~~~~~~~
=> barca 0.372371885846 [0.38390672277357796, 0.79013960086419988] 0.5572616521065583 [0.6103142179098491, 0.9090335163374329]
[[0.3181818181818182], [0.0], [0.0], [0.0], [0.045454545454545456], [0.6363636363636364]]
~~~~~~~~~~~~~~~~~~~~~~~~~~~~~~~~~~~~~~~~~~~~~~~~~~~~~~~~~~~~~~~~~~~
=> engaging in holocaust denial 0.148549059838 [0.62853778279987593, 0.64886391591756065] 0.27681337712871984 [0.6829246865850999, 0.7335759474827509]
[[0.11764705882352941], [0.4117647058823529], [0.0], [0.23529411764705882], [0.11764705882352941], [0.11764705882352941]]
~~~~~~~~~~~~~~~~~~~~~~~~~~~~~~~~~~~~~~~~~~~~~~~~~~~~~~~~~~~~~~~~~~~
=> didnγçöt 0.20695561607 [0.81393747269343009, 0.89688896990046429] 0.5164380166173553 [0.9567368073216878, 1.0368190743204584]
[[0.11428571428571428], [0.8], [0.0], [0.0], [0.0], [0.08571428571428572]]
~~~~~~~~~~~~~~~~~~~~~~~~~~~~~~~~~~~~~~~~~~~~~~~~~~~~~~~~~~~~~~~~~~~
=> dybala 0.467651707045 [0.56631259402591017, 0.86482895803028181] 0.7004987236759873 [0.8092682286606036, 1.026651722122821]
[[0.2], [0.0], [0.0], [0.0], [0.0], [0.8]]
~~~~~~~~~~~~~~~~~~~~~~~~~~~~~~~~~~~~~~~~~~~~~~~~~~~~~~~~~~~~~~~~~~~
=> sean spicer's holocaust comments 0.211392813101 [0.76266906469481943, 0.90173326573626866] 0.5407167660112714 [0.9448243563776408, 1.0579060140063248]
[[0.18181818181818182], [0.8181818181818182], [0.0], [0.0], [0.0], [0.0]]
~~~~~~~~~~~~~~~~~~~~~~~~~~~~~~~~~~~~~~~~~~~~~~~~~~~~~~~~~~~~~~~~~~~
=> the holocaust centers 0.238151756263 [0.11354976875027722, 0.48857318190742127] 0.4050984088084562 [0.31477998294364035, 0.6776114282057963]
[[0.55], [0.15], [0.0], [0.0], [0.25], [0.05]]
~~~~~~~~~~~~~~~~~~~~~~~~~~~~~~~~~~~~~~~~~~~~~~~~~~~~~~~~~~~~~~~~~~~
=> tomahawk 0.424980542489 [0.13999643604785683, 0.43319011727594636] 0.6062545733168121 [0.378054297877432, 0.6834435945284246]
[[0.6428571428571429], [0.0], [0.0], [0.0], [0.35714285714285715], [0.0]]
~~~~~~~~~~~~~~~~~~~~~~~~~~~~~~~~~~~~~~~~~~~~~~~~~~~~~~~~~~~~~~~~~~~
=> infowars 0.323972676067 [0.10342053106596949, 0.45951884169602064] 0.43616552604423897 [0.30247512131839654, 0.6415549590786819]
[[0.48], [0.0], [0.12], [0.0], [0.24], [0.16]]
~~~~~~~~~~~~~~~~~~~~~~~~~~~~~~~~~~~~~~~~~~~~~~~~~~~~~~~~~~~~~~~~~~~
=> tv 0.805669850437 [0.78307952039967088, 0.6876735933814202] 0.8191689311838181 [0.8986298684794585, 0.8725844819899008]
[[0.034482758620689655], [0.0], [0.0], [0.7241379310344828], [0.20689655172413793], [0.034482758620689655]]
~~~~~~~~~~~~~~~~~~~~~~~~~~~~~~~~~~~~~~~~~~~~~~~~~~~~~~~~~~~~~~~~~~~
=> daughter ivanka 0.105227835676 [0.57763353441508403, 0.84172699200217815] 0.27807707591739583 [0.6958367601928213, 0.8776882705130478]
[[0.16666666666666666], [0.4166666666666667], [0.0], [0.0], [0.0], [0.4166666666666667]]
~~~~~~~~~~~~~~~~~~~~~~~~~~~~~~~~~~~~~~~~~~~~~~~~~~~~~~~~~~~~~~~~~~~
=> make america great again 0.10594263329 [0.380273333461153, 0.87198337086937427] 0.2945754014817704 [0.5748637270085262, 0.9077772384625841]
[[0.375], [0.5], [0.0], [0.125], [0.0], [0.0]]
~~~~~~~~~~~~~~~~~~~~~~~~~~~~~~~~~~~~~~~~~~~~~~~~~~~~~~~~~~~~~~~~~~~
=> sean spicer draws backlash by comparing 0.332171628795 [0.020328719249471883, 0.86918273553603853] 0.5980894524508763 [0.1933878626698184, 1.0132548175924434]
[[0.7674418604651163], [0.0], [0.0], [0.0], [0.0], [0.23255813953488372]]
~~~~~~~~~~~~~~~~~~~~~~~~~~~~~~~~~~~~~~~~~~~~~~~~~~~~~~~~~~~~~~~~~~~
=> sean spicer claims hitler 0.0850249257574 [0.60572223295471839, 0.86391690881018046] 0.2876617163995757 [0.7372646877236783, 0.9179631981321488]
[[0.21153846153846154], [0.5961538461538461], [0.0], [0.0], [0.0], [0.19230769230769232]]
~~~~~~~~~~~~~~~~~~~~~~~~~~~~~~~~~~~~~~~~~~~~~~~~~~~~~~~~~~~~~~~~~~~
=> says trump 0.119933865604 [0.61332490284140762, 0.87863559181109985] 0.3656554982836949 [0.773251928061904, 0.9611302846319113]
[[0.25], [0.6666666666666666], [0.0], [0.0], [0.0], [0.08333333333333333]]
~~~~~~~~~~~~~~~~~~~~~~~~~~~~~~~~~~~~~~~~~~~~~~~~~~~~~~~~~~~~~~~~~~~
=> hitler comment 0.0461599680555 [0.48957052814686608, 0.85298959785995199] 0.20739034012827265 [0.6435926677975747, 0.8868156061404399]
[[0.2676056338028169], [0.5211267605633803], [0.0], [0.014084507042253521], [0.0], [0.19718309859154928]]
~~~~~~~~~~~~~~~~~~~~~~~~~~~~~~~~~~~~~~~~~~~~~~~~~~~~~~~~~~~~~~~~~~~
=> boom 0.415897529671 [0.4845775426496115, 0.71820983683642936] 0.504552993822298 [0.6302091680723144, 0.8026330130662609]
[[0.16666666666666666], [0.0], [0.027777777777777776], [0.19444444444444445], [0.08333333333333333], [0.5277777777777778]]
~~~~~~~~~~~~~~~~~~~~~~~~~~~~~~~~~~~~~~~~~~~~~~~~~~~~~~~~~~~~~~~~~~~
=> deep state 0.187057197191 [0.19837494525251398, 0.52265831691166886] 0.3095968503533943 [0.4065990345724801, 0.6646821975530238]
[[0.3333333333333333], [0.08333333333333333], [0.0], [0.08333333333333333], [0.16666666666666666], [0.3333333333333333]]
~~~~~~~~~~~~~~~~~~~~~~~~~~~~~~~~~~~~~~~~~~~~~~~~~~~~~~~~~~~~~~~~~~~
13.266618490219116 67.0551745891571
3   Consumed
**********************************************************
