predictions for batch 0:
[29.5, 24.9, 23.5, 21.4, 21.5, 20.6, 20.4, 19.8, 19.4, 19.4, 19.4, 19.3, 19.3, 19.3, 19.4, 19.4, 18.2, 18.2, 17.9, 17.9]
[ 28.41834365  25.8871001   23.864599    22.2962579   21.12749436
  20.30372594  19.77037021  19.47284472  19.35656704  19.36695472
  19.44942532  19.5493964   19.61228552  19.58351025  19.40848813
  19.03263674  18.40137363  17.46011635  16.15428248  14.42928957]
predictions for batch 1:
[20.3, 17.5, 14.9, 13.2, 13.0, 12.2, 11.9, 11.6, 11.1, 12.0, 12.2, 12.3, 12.3, 13.3, 13.4, 12.7, 12.7, 12.7, 12.6]
[ 20.08124355  17.4122291   15.32574082  13.75950793  12.65125965
  11.93872521  11.55963381  11.45171469  11.55269707  11.80031016
  12.1322832   12.48634539  12.80022596  13.01165414  13.05835913
  12.87807018  12.40851648  11.58742728  10.35253178]
predictions for batch 2:
[15.1, 11.8, 11.8, 11.9, 12.3, 11.0, 9.8, 9.7, 9.4, 9.2, 9.3, 9.3, 9.2, 8.8, 8.2, 7.7, 7.3, 7.2]
[ 14.22626419  13.18152735  12.3166335   11.61044863  11.04183876
  10.58966988  10.23280798   9.95011908   9.72046916   9.52272423
   9.33575029   9.13841334   8.90957938   8.6281144    8.27288442
   7.82275542   7.25659341   6.55326438]
predictions for batch 3:
[13.0, 8.4, 7.8, 6.3, 6.0, 5.8, 5.7, 5.8, 5.8, 5.7, 5.7, 5.7, 5.7, 5.7, 5.7, 5.7, 5.6]
[ 11.79269866   9.66491228   8.03560003   6.84542436   6.03504774
   5.54513263   5.31634148   5.28933675   5.4047809    5.6033364
   5.82566569   6.01243125   6.10429552   6.04192098   5.76597007
   5.21710526   4.33598901]
predictions for batch 4:
[16.1, 13.8, 13.3, 13.2, 12.6, 13.4, 12.7, 12.9, 12.7, 13.3, 12.1, 12.0, 12.0, 11.1, 11.2, 11.2]
[ 15.26873065  14.44355005  13.81286673  13.3488804   13.02379081
  12.80979768  12.67910075  12.60389974  12.55639438  12.5087844
  12.43326954  12.30204952  12.08732408  11.76129294  11.29615583
  10.66411249]
predictions for batch 5:
[16.9, 15.7, 13.5, 11.8, 11.4, 11.1, 11.4, 11.1, 9.4, 9.3, 9.0, 9.0, 9.1, 9.1, 9.1]
[ 16.79660131  15.18119514  13.82352438  12.69963226  11.78556202
  11.05735689  10.49106012  10.06271493   9.74836458   9.52405229
   9.3658213    9.24971486   9.1517762    9.04804855   8.91457516]
predictions for batch 6:
[17.3, 13.9, 11.6, 10.5, 10.9, 11.3, 11.0, 10.9, 11.6, 11.6, 12.4, 12.3, 13.0, 13.0]
[ 16.65084034  14.1583064   12.38532644  11.23508844  10.6107804
  10.41559029  10.55270612  10.92531586  11.43660751  11.98976905
  12.48798848  12.83445378  12.93235294  12.68487395]
predictions for batch 7:
[20.5, 17.9, 17.4, 16.4, 16.5, 16.2, 16.0, 15.9, 15.9, 15.9, 15.7, 15.7, 15.8]
[ 20.01510989  18.53736264  17.4477023   16.69000999  16.20816683
  15.94605395  15.84755245  15.85654346  15.91690809  15.97252747
  15.96728272  15.84505495  15.54972527]
predictions for batch 8:
[12.4, 9.9, 8.7, 8.5, 9.1, 9.2, 9.3, 9.1, 9.2, 8.9, 8.8, 8.7]
[ 11.87435897  10.3044289    9.31282051   8.78982129   8.62571873
   8.71080031   8.93535354   9.18966589   9.36402486   9.34871795
   9.03403263   8.31025641]
predictions for batch 9:
[13.2, 9.4, 8.7, 9.4, 9.7, 9.5, 9.2, 9.2, 9.2, 9.0, 9.0]
[ 12.3041958   10.56013986   9.5032634    8.99020979   8.87762238
   9.02214452   9.28041958   9.50909091   9.56480186   9.3041958
   8.58391608]
predictions for batch 10:
[10.9, 9.7, 8.1, 7.0, 6.8, 6.8, 6.8, 6.8, 6.8, 6.8]
[ 11.09020979   9.31538462   8.08240093   7.2981352    6.86946387
   6.7032634    6.70641026   6.78578089   6.84825175   6.8006993 ]
