0  :  [[3, 1], [6, 1], [8, 2], [10, 4], [12, 4], [13, 5], [13, 5], [13, 5], [13, 5], [16, 6]]
1  :  [[3, 2], [3, 2], [4, 3], [4, 3], [8, 5], [8, 5], [8, 5], [9, 6], [10, 6], [10, 6]]
2  :  [[4, 1], [8, 2], [8, 2], [15, 3], [15, 3], [24, 4], [31, 5], [31, 5], [34, 6], [34, 6]]
3  :  [[3, 1], [6, 2], [10, 3], [17, 4], [25, 6], [34, 9], [34, 9], [34, 9], [34, 9], [34, 9]]
4  :  [[1, 1], [3, 2], [3, 2], [3, 2], [6, 3], [6, 3], [7, 4], [7, 4], [7, 4], [7, 4]]
5  :  [[0, 0], [0, 0], [0, 0], [0, 0], [0, 0], [0, 0], [0, 0], [0, 0], [1, 1], [1, 1]]
6  :  [[0, 0], [0, 0], [0, 0], [1, 1], [1, 1], [1, 1], [1, 1], [2, 2], [2, 2], [2, 2]]
7  :  [[0, 0], [0, 0], [0, 0], [0, 0], [0, 0], [0, 0], [0, 0], [0, 0], [1, 1], [1, 1]]
8  :  [[2, 1], [2, 1], [4, 2], [4, 2], [4, 2], [6, 3], [6, 3], [6, 3], [9, 4], [9, 4]]
9  :  [[0, 0], [0, 0], [0, 0], [0, 0], [0, 0], [0, 0], [0, 0], [0, 0], [0, 0], [0, 0]]
