hello
Tweets are in memory...
hello
Phase I extracting now
6.41057014465332 6.41057014465332
16076
0   Produced
**********************************************************
0
0
{0.004524149119608545}
aggregated sketch: [0.6511003984219228, 0.01107695386450053, 0.06088664934367112, 0.1334280524769725, 0.024793370493429175, 0.11871457539950361]
aggregated sketch: [0.0754584398112912, 0.049322714649746344, 0.046862532059238585, 0.026516442586370464, 0.713637984638061, 0.08820188625529243]
aggregated sketch: [0.29819587784172547, 0.23031898517235105, 0.10291361329097176, 0.08292778039054786, 0.08236668739761023, 0.20327705590679357]
6.94806694984436 13.35863709449768
0   Consumed
**********************************************************
Phase I extracting now
6.596637964248657 19.955275058746338
16145
1   Produced
**********************************************************
52
52
{-0.025615470834538995}
aggregated sketch: [0.6453954282297956, 0.013981961117492735, 0.05148671773236513, 0.12233443937411177, 0.027259908230971505, 0.13954154531526342]
aggregated sketch: [0.07752069106195109, 0.05662310026984847, 0.04262767161093522, 0.025911036434189877, 0.7103223873661558, 0.08699511325692132]
aggregated sketch: [0.30945937274578467, 0.23938871894408215, 0.07079867275997491, 0.06188012408089658, 0.09144513888500937, 0.22702797258425228]
syria russia egypt 0.214994870812 [0.063353557676187666, 0.85284437150248205] 0.4795671925810891 [0.261822763234148, 0.9613676278017607]
[[0.6666666666666666], [0.0], [0.0], [0.0], [0.0], [0.3333333333333333]]
~~~~~~~~~~~~~~~~~~~~~~~~~~~~~~~~~~~~~~~~~~~~~~~~~~~~~~~~~~~~~~~~~~~
holocaust 0.262744889536 [0.063726774997788227, 0.55894074050610798] 0.4746704315246401 [0.24625484064289951, 0.7531703832492106]
[[0.6510263929618768], [0.0], [0.01466275659824047], [0.011730205278592375], [0.2316715542521994], [0.09090909090909091]]
~~~~~~~~~~~~~~~~~~~~~~~~~~~~~~~~~~~~~~~~~~~~~~~~~~~~~~~~~~~~~~~~~~~
breaking news 0.5995090388 [0.67720999642407809, 0.89668079098296527] 0.6676755673161803 [0.8044284465002125, 0.9578158895201343]
[[0.06779661016949153], [0.0847457627118644], [0.0], [0.6779661016949152], [0.01694915254237288], [0.15254237288135594]]
~~~~~~~~~~~~~~~~~~~~~~~~~~~~~~~~~~~~~~~~~~~~~~~~~~~~~~~~~~~~~~~~~~~
republicans 0.185047406948 [0.096475368086272884, 0.62557442420718801] 0.32958334558733304 [0.2941087089836692, 0.7361644441506132]
[[0.4782608695652174], [0.0], [0.21739130434782608], [0.0], [0.13043478260869565], [0.17391304347826086]]
~~~~~~~~~~~~~~~~~~~~~~~~~~~~~~~~~~~~~~~~~~~~~~~~~~~~~~~~~~~~~~~~~~~
potus 0.699510000394 [0.73025175856445657, 0.76737477078564753] 0.7516673646249195 [0.8651835645007695, 0.9150409785728113]
[[0.038461538461538464], [0.0], [0.0], [0.7307692307692307], [0.1346153846153846], [0.09615384615384616]]
~~~~~~~~~~~~~~~~~~~~~~~~~~~~~~~~~~~~~~~~~~~~~~~~~~~~~~~~~~~~~~~~~~~
ww3 0.790721518503 [0.7999972718913666, 0.80256208012931507] 0.8927197040637347 [0.9897256867688222, 1.01677597624662]
[[0.0], [0.0], [0.0], [0.8571428571428571], [0.14285714285714285], [0.0]]
~~~~~~~~~~~~~~~~~~~~~~~~~~~~~~~~~~~~~~~~~~~~~~~~~~~~~~~~~~~~~~~~~~~
cillizza 0.578700687771 [0.61137233465212781, 0.90598556903160121] 0.7273742632561276 [0.8175526560377873, 1.0222825699484344]
[[0.25], [0.0], [0.75], [0.0], [0.0], [0.0]]
~~~~~~~~~~~~~~~~~~~~~~~~~~~~~~~~~~~~~~~~~~~~~~~~~~~~~~~~~~~~~~~~~~~
tomahawk 0.321093372373 [0.070262519922934974, 0.61835612866692191] 0.5964342451059597 [0.30349121585161193, 0.8529910902751664]
[[0.7692307692307693], [0.0], [0.0], [0.0], [0.23076923076923078], [0.0]]
~~~~~~~~~~~~~~~~~~~~~~~~~~~~~~~~~~~~~~~~~~~~~~~~~~~~~~~~~~~~~~~~~~~
borussia dortmund 0.256452151818 [0.29978961448417363, 0.84087924290567639] 0.48556918817085865 [0.5413662385041274, 0.9360498522496103]
[[0.4166666666666667], [0.0], [0.0], [0.0], [0.0], [0.5833333333333334]]
~~~~~~~~~~~~~~~~~~~~~~~~~~~~~~~~~~~~~~~~~~~~~~~~~~~~~~~~~~~~~~~~~~~
chechnya 0.193811722792 [0.038258225027578696, 0.74119162001547867] 0.4024841704585822 [0.18636598494537873, 0.8492885756695778]
[[0.6153846153846154], [0.0], [0.07692307692307693], [0.0], [0.07692307692307693], [0.23076923076923078]]
~~~~~~~~~~~~~~~~~~~~~~~~~~~~~~~~~~~~~~~~~~~~~~~~~~~~~~~~~~~~~~~~~~~
-----------------------------------------------------------------------------------
holy 0.447452885489 [0.71093070754557974, 0.60603055068096912] 0.5024382366692861 [0.7548278435444317, 0.7299520177627874]
[[0.06666666666666667], [0.0], [0.4444444444444444], [0.0], [0.15555555555555556], [0.3333333333333333]]
~~~~~~~~~~~~~~~~~~~~~~~~~~~~~~~~~~~~~~~~~~~~~~~~~~~~~~~~~~~~~~~~~~~
ivanka told 0.328027171063 [0.76950782218233493, 0.90021725555031762] 0.5823313578954015 [0.9086743581657468, 1.0121537146139437]
[[0.16], [0.76], [0.0], [0.0], [0.0], [0.08]]
~~~~~~~~~~~~~~~~~~~~~~~~~~~~~~~~~~~~~~~~~~~~~~~~~~~~~~~~~~~~~~~~~~~
um 0.413947604221 [0.65718341937959091, 0.46694394488126678] 0.45160040430101933 [0.7021038657074501, 0.6305296970436146]
[[0.08695652173913043], [0.0], [0.391304347826087], [0.043478260869565216], [0.21739130434782608], [0.2608695652173913]]
~~~~~~~~~~~~~~~~~~~~~~~~~~~~~~~~~~~~~~~~~~~~~~~~~~~~~~~~~~~~~~~~~~~
strike syria 0.324211919943 [0.77898142382765589, 0.89795202890308856] 0.5721521398637417 [0.9075454023344631, 1.004158627814518]
[[0.14583333333333334], [0.75], [0.0], [0.0], [0.0], [0.10416666666666667]]
~~~~~~~~~~~~~~~~~~~~~~~~~~~~~~~~~~~~~~~~~~~~~~~~~~~~~~~~~~~~~~~~~~~
russia ties 0.259939033507 [0.72523670395337825, 0.88021192706607676] 0.4739039270930101 [0.8294304766081705, 0.9458380584751265]
[[0.15384615384615385], [0.6538461538461539], [0.0], [0.0], [0.0], [0.19230769230769232]]
~~~~~~~~~~~~~~~~~~~~~~~~~~~~~~~~~~~~~~~~~~~~~~~~~~~~~~~~~~~~~~~~~~~
prez 0.402313952294 [0.38985751991323048, 0.130596548532106] 0.5061536452260116 [0.5766326553268779, 0.35917681681320235]
[[0.35714285714285715], [0.0], [0.07142857142857142], [0.0], [0.5], [0.07142857142857142]]
~~~~~~~~~~~~~~~~~~~~~~~~~~~~~~~~~~~~~~~~~~~~~~~~~~~~~~~~~~~~~~~~~~~
holocaust center 0.0956057374007 [0.23687415656440092, 0.43927509303939716] 0.2282417779731528 [0.43865792133692094, 0.6143787137637837]
[[0.3855421686746988], [0.25301204819277107], [0.0], [0.0], [0.2289156626506024], [0.13253012048192772]]
~~~~~~~~~~~~~~~~~~~~~~~~~~~~~~~~~~~~~~~~~~~~~~~~~~~~~~~~~~~~~~~~~~~
=========================================================================================
sean spicer holocaust 0.223209513216 [0.28641852649793065, 0.55483035427725103] 0.38447877518777096 [0.4916377428734726, 0.7109278284734203]
[[0.36363636363636365], [0.0], [0.0], [0.0], [0.18181818181818182], [0.45454545454545453]]
~~~~~~~~~~~~~~~~~~~~~~~~~~~~~~~~~~~~~~~~~~~~~~~~~~~~~~~~~~~~~~~~~~~
happy passover 0.176081165729 [0.21466172287667085, 0.75723025419660517] 0.3689842538512965 [0.43320764225842795, 0.8431577008093695]
[[0.4358974358974359], [0.05128205128205128], [0.0], [0.0], [0.05128205128205128], [0.46153846153846156]]
~~~~~~~~~~~~~~~~~~~~~~~~~~~~~~~~~~~~~~~~~~~~~~~~~~~~~~~~~~~~~~~~~~~
infowars 0.214138263383 [0.19382907750841205, 0.35142456057109484] 0.3473171850776268 [0.40166893071295107, 0.560369753058273]
[[0.4117647058823529], [0.0], [0.058823529411764705], [0.0], [0.29411764705882354], [0.23529411764705882]]
~~~~~~~~~~~~~~~~~~~~~~~~~~~~~~~~~~~~~~~~~~~~~~~~~~~~~~~~~~~~~~~~~~~
didnγçöt 0.331073740316 [0.79265086563079212, 0.89885663315813435] 0.5805472948363906 [0.9189646124769784, 1.008265283207651]
[[0.13513513513513514], [0.7567567567567568], [0.0], [0.0], [0.0], [0.10810810810810811]]
~~~~~~~~~~~~~~~~~~~~~~~~~~~~~~~~~~~~~~~~~~~~~~~~~~~~~~~~~~~~~~~~~~~
meanwhile 0.667810392184 [0.81899985991813784, 0.91187356096578609] 0.8066144490941579 [0.9751704812720907, 1.056773488259963]
[[0.058823529411764705], [0.0], [0.8235294117647058], [0.0], [0.0], [0.11764705882352941]]
~~~~~~~~~~~~~~~~~~~~~~~~~~~~~~~~~~~~~~~~~~~~~~~~~~~~~~~~~~~~~~~~~~~
tv 0.708662820421 [0.7221393381283836, 0.74407222401467665] 0.7615394683650524 [0.8649776101739911, 0.9054436724381694]
[[0.05263157894736842], [0.0], [0.0], [0.7368421052631579], [0.15789473684210525], [0.05263157894736842]]
~~~~~~~~~~~~~~~~~~~~~~~~~~~~~~~~~~~~~~~~~~~~~~~~~~~~~~~~~~~~~~~~~~~
jesus 0.323824333938 [0.49210004124848017, 0.77491128728558589] 0.42916619239001935 [0.6283829054406921, 0.8191549745732587]
[[0.2], [0.0], [0.4], [0.0], [0.04], [0.36]]
~~~~~~~~~~~~~~~~~~~~~~~~~~~~~~~~~~~~~~~~~~~~~~~~~~~~~~~~~~~~~~~~~~~
ivanka influenced syria strike decision 0.427867607218 [0.91309319049981852, 0.91836978411370951] 0.7339364996376249 [1.0730058039918313, 1.103862156427657]
[[0.05555555555555555], [0.8888888888888888], [0.0], [0.0], [0.0], [0.05555555555555555]]
~~~~~~~~~~~~~~~~~~~~~~~~~~~~~~~~~~~~~~~~~~~~~~~~~~~~~~~~~~~~~~~~~~~
carter page spied 0.124847229358 [0.14098764889795246, 0.83382161911644936] 0.3248973093760649 [0.35159202235436604, 0.8833991949564375]
[[0.5], [0.125], [0.0], [0.0], [0.0], [0.375]]
~~~~~~~~~~~~~~~~~~~~~~~~~~~~~~~~~~~~~~~~~~~~~~~~~~~~~~~~~~~~~~~~~~~
twitter 0.21790219082 [0.072333167512326213, 0.52859514170198141] 0.38786084834651396 [0.2534855376901837, 0.6985852445944759]
[[0.5585585585585585], [0.0], [0.09009009009009009], [0.0], [0.21621621621621623], [0.13513513513513514]]
~~~~~~~~~~~~~~~~~~~~~~~~~~~~~~~~~~~~~~~~~~~~~~~~~~~~~~~~~~~~~~~~~~~
sean spicer claims hitler 0.183293419695 [0.62005950318162628, 0.86081096624102305] 0.37271395241083644 [0.7328705437398428, 0.8967795013469361]
[[0.19607843137254902], [0.5490196078431373], [0.0], [0.0], [0.0], [0.2549019607843137]]
~~~~~~~~~~~~~~~~~~~~~~~~~~~~~~~~~~~~~~~~~~~~~~~~~~~~~~~~~~~~~~~~~~~
white house press secretary sean spicer 0.185140903762 [0.14362541045564836, 0.87648714141857564] 0.45366868888046225 [0.3847574990277109, 0.971078676701961]
[[0.6545454545454545], [0.34545454545454546], [0.0], [0.0], [0.0], [0.0]]
~~~~~~~~~~~~~~~~~~~~~~~~~~~~~~~~~~~~~~~~~~~~~~~~~~~~~~~~~~~~~~~~~~~
thatγçös 0.195792736317 [0.6891043602167215, 0.85058969045293686] 0.3303107229508621 [0.7311337557089299, 0.8462192745141317]
[[0.1111111111111111], [0.4444444444444444], [0.2222222222222222], [0.0], [0.0], [0.2222222222222222]]
~~~~~~~~~~~~~~~~~~~~~~~~~~~~~~~~~~~~~~~~~~~~~~~~~~~~~~~~~~~~~~~~~~~
monitor former trump adviser carter 0.475947073316 [0.95627029130519492, 0.92918938809395046] 0.8301327744399497 [1.1612706003261803, 1.1721667590855736]
[[0.027777777777777776], [0.9722222222222222], [0.0], [0.0], [0.0], [0.0]]
~~~~~~~~~~~~~~~~~~~~~~~~~~~~~~~~~~~~~~~~~~~~~~~~~~~~~~~~~~~~~~~~~~~
holocaust centers 0.066245811625 [0.16820040297890126, 0.6257604391543401] 0.20703610643460646 [0.3767534276652678, 0.7301312286191183]
[[0.44047619047619047], [0.27380952380952384], [0.0], [0.015873015873015872], [0.12698412698412698], [0.14285714285714285]]
~~~~~~~~~~~~~~~~~~~~~~~~~~~~~~~~~~~~~~~~~~~~~~~~~~~~~~~~~~~~~~~~~~~
breaking 0.497644369659 [0.61589021895477192, 0.64770880770893335] 0.5117992532125287 [0.6923892955608265, 0.7431757357393111]
[[0.07017543859649122], [0.0], [0.08771929824561403], [0.47368421052631576], [0.14035087719298245], [0.22807017543859648]]
~~~~~~~~~~~~~~~~~~~~~~~~~~~~~~~~~~~~~~~~~~~~~~~~~~~~~~~~~~~~~~~~~~~
trumps 0.172898767167 [0.10863314341595176, 0.49352708288069869] 0.32638023488484724 [0.3085814362785465, 0.6612126144701841]
[[0.48214285714285715], [0.017857142857142856], [0.05357142857142857], [0.0], [0.21428571428571427], [0.23214285714285715]]
~~~~~~~~~~~~~~~~~~~~~~~~~~~~~~~~~~~~~~~~~~~~~~~~~~~~~~~~~~~~~~~~~~~
congress 0.252229314042 [0.081835462451784524, 0.50885652372618884] 0.44704143572763344 [0.27285889668015384, 0.7061288082332675]
[[0.6078431372549019], [0.0], [0.0196078431372549], [0.0], [0.2549019607843137], [0.11764705882352941]]
~~~~~~~~~~~~~~~~~~~~~~~~~~~~~~~~~~~~~~~~~~~~~~~~~~~~~~~~~~~~~~~~~~~
anne frank center calls 0.12290860878 [0.35131378133889191, 0.86062002459324283] 0.3223232170481162 [0.5523285490336065, 0.8966602813779695]
[[0.4], [0.48], [0.0], [0.0], [0.0], [0.12]]
~~~~~~~~~~~~~~~~~~~~~~~~~~~~~~~~~~~~~~~~~~~~~~~~~~~~~~~~~~~~~~~~~~~
ah 0.518438711611 [0.67247500226208567, 0.80184867794640635] 0.5659687323754751 [0.7546861684777618, 0.8569847906734014]
[[0.10526315789473684], [0.0], [0.5789473684210527], [0.10526315789473684], [0.05263157894736842], [0.15789473684210525]]
~~~~~~~~~~~~~~~~~~~~~~~~~~~~~~~~~~~~~~~~~~~~~~~~~~~~~~~~~~~~~~~~~~~
white house press secretary 0.103103158408 [0.34494351686227531, 0.81773006098433509] 0.28409134437566685 [0.538352330006264, 0.8587969563049367]
[[0.38095238095238093], [0.4523809523809524], [0.0], [0.0], [0.023809523809523808], [0.14285714285714285]]
~~~~~~~~~~~~~~~~~~~~~~~~~~~~~~~~~~~~~~~~~~~~~~~~~~~~~~~~~~~~~~~~~~~
hitler comment 0.216615547853 [0.57133551118532, 0.88000882102541911] 0.43853043448634405 [0.7324199575998352, 0.9412564350037547]
[[0.28125], [0.625], [0.0], [0.0], [0.0], [0.09375]]
~~~~~~~~~~~~~~~~~~~~~~~~~~~~~~~~~~~~~~~~~~~~~~~~~~~~~~~~~~~~~~~~~~~
trump administration 0.248404905165 [0.59813521056987229, 0.82746161244843686] 0.471072936849665 [0.7569889099997551, 0.921155906034197]
[[0.27692307692307694], [0.6461538461538462], [0.0], [0.0], [0.046153846153846156], [0.03076923076923077]]
~~~~~~~~~~~~~~~~~~~~~~~~~~~~~~~~~~~~~~~~~~~~~~~~~~~~~~~~~~~~~~~~~~~
fire sean spicer 0.159305664553 [0.57674685849227525, 0.83594371718861105] 0.33296424028766947 [0.6927312496703116, 0.8668490455604685]
[[0.2112676056338028], [0.5211267605633803], [0.0], [0.028169014084507043], [0.014084507042253521], [0.22535211267605634]]
~~~~~~~~~~~~~~~~~~~~~~~~~~~~~~~~~~~~~~~~~~~~~~~~~~~~~~~~~~~~~~~~~~~
fire sean spicer now 0.119680123245 [0.44767705077602593, 0.84547307637744196] 0.24590151310067945 [0.5835201456496958, 0.8248425607050034]
[[0.21052631578947367], [0.3684210526315789], [0.0], [0.21052631578947367], [0.0], [0.21052631578947367]]
~~~~~~~~~~~~~~~~~~~~~~~~~~~~~~~~~~~~~~~~~~~~~~~~~~~~~~~~~~~~~~~~~~~
eric trump says syria strike 0.173650511356 [0.43226803649521728, 0.8740595866775458] 0.3937346869585689 [0.6292822323371389, 0.9275294220452008]
[[0.37777777777777777], [0.5555555555555556], [0.0], [0.0], [0.0], [0.06666666666666667]]
~~~~~~~~~~~~~~~~~~~~~~~~~~~~~~~~~~~~~~~~~~~~~~~~~~~~~~~~~~~~~~~~~~~
commander in chief 0.345699119048 [0.15825242066956891, 0.4057077842957455] 0.5516083890355098 [0.39881323037661787, 0.6555784717119829]
[[0.625], [0.0], [0.0], [0.0], [0.375], [0.0]]
~~~~~~~~~~~~~~~~~~~~~~~~~~~~~~~~~~~~~~~~~~~~~~~~~~~~~~~~~~~~~~~~~~~
dybala 0.418036633759 [0.61369772014218582, 0.85838517982903129] 0.6787529061930625 [0.847650390307522, 1.025559452552993]
[[0.1875], [0.0], [0.0], [0.0], [0.0], [0.8125]]
~~~~~~~~~~~~~~~~~~~~~~~~~~~~~~~~~~~~~~~~~~~~~~~~~~~~~~~~~~~~~~~~~~~
nancy 0.23975147205 [0.37674220905762523, 0.73939734060138795] 0.36761409075465484 [0.5491102376002078, 0.795531085646364]
[[0.2631578947368421], [0.0], [0.2631578947368421], [0.0], [0.05263157894736842], [0.42105263157894735]]
~~~~~~~~~~~~~~~~~~~~~~~~~~~~~~~~~~~~~~~~~~~~~~~~~~~~~~~~~~~~~~~~~~~
press secretary sean spicer 0.127059714568 [0.078293433491714581, 0.85352874044484328] 0.35366150957021 [0.26740496615368087, 0.9151577561748917]
[[0.6129032258064516], [0.22580645161290322], [0.0], [0.0], [0.0], [0.16129032258064516]]
~~~~~~~~~~~~~~~~~~~~~~~~~~~~~~~~~~~~~~~~~~~~~~~~~~~~~~~~~~~~~~~~~~~
rachel 0.315773376052 [0.50302237284725759, 0.83647946643777304] 0.4508193681361173 [0.6516024817681662, 0.8726865928840244]
[[0.2], [0.0], [0.3], [0.0], [0.0], [0.5]]
~~~~~~~~~~~~~~~~~~~~~~~~~~~~~~~~~~~~~~~~~~~~~~~~~~~~~~~~~~~~~~~~~~~
sean spicer apologizes 0.147714252394 [0.56515553523812245, 0.84896180543635191] 0.32463807213462986 [0.686777296596023, 0.8746532486901418]
[[0.21153846153846154], [0.4807692307692308], [0.0], [0.0], [0.0], [0.3076923076923077]]
~~~~~~~~~~~~~~~~~~~~~~~~~~~~~~~~~~~~~~~~~~~~~~~~~~~~~~~~~~~~~~~~~~~
itγçös 0.284101460426 [0.74218809968358324, 0.88240552548421525] 0.44650116732302886 [0.8034406358057035, 0.9098010401140044]
[[0.12903225806451613], [0.5806451612903226], [0.22580645161290322], [0.0], [0.0], [0.06451612903225806]]
~~~~~~~~~~~~~~~~~~~~~~~~~~~~~~~~~~~~~~~~~~~~~~~~~~~~~~~~~~~~~~~~~~~
syria strike proves 0.0754891961979 [0.28351249777382415, 0.82751133575470492] 0.23674570189097072 [0.48291622822788444, 0.8491163968719724]
[[0.36363636363636365], [0.2727272727272727], [0.0], [0.0], [0.0], [0.36363636363636365]]
~~~~~~~~~~~~~~~~~~~~~~~~~~~~~~~~~~~~~~~~~~~~~~~~~~~~~~~~~~~~~~~~~~~
syria strike 0.226689224557 [0.64846219409273786, 0.87659898929490532] 0.4380295876221925 [0.7744239532211487, 0.9329607798010797]
[[0.20930232558139536], [0.627906976744186], [0.0], [0.0], [0.0], [0.16279069767441862]]
~~~~~~~~~~~~~~~~~~~~~~~~~~~~~~~~~~~~~~~~~~~~~~~~~~~~~~~~~~~~~~~~~~~
9.788483142852783 29.74375820159912
1   Consumed
**********************************************************
Phase I extracting now
7.004079580307007 36.74783778190613
16022
2   Produced
**********************************************************
87
87
{-0.037624191338486074}
aggregated sketch: [0.6676672247593074, 0.013047369500234758, 0.05298440432885711, 0.11038222659042189, 0.02618331740221763, 0.12973545741896117]
aggregated sketch: [0.07407090721976095, 0.06314129334124388, 0.040249732436043684, 0.026559534656467893, 0.7102613624993224, 0.08571716984716106]
aggregated sketch: [0.30260715858715637, 0.2819477850610525, 0.04312830320428574, 0.048826309448724264, 0.08268630859231246, 0.2408041351064686]
muslim 0.305167132627 [0.049451027567947614, 0.70881305893619184] 0.5662376873225456 [0.25196107176088267, 0.8970016297906757]
[[0.7619047619047619], [0.0], [0.09523809523809523], [0.0], [0.14285714285714285], [0.0]]
~~~~~~~~~~~~~~~~~~~~~~~~~~~~~~~~~~~~~~~~~~~~~~~~~~~~~~~~~~~~~~~~~~~
cnbc 0.838480503567 [0.81437384161672288, 0.80334013026293316] 0.91908227231723 [0.9960720909981673, 1.0156594136957358]
[[0.0], [0.0], [0.0], [0.8571428571428571], [0.14285714285714285], [0.0]]
~~~~~~~~~~~~~~~~~~~~~~~~~~~~~~~~~~~~~~~~~~~~~~~~~~~~~~~~~~~~~~~~~~~
fox 0.29737983627 [0.13670286156957723, 0.51100560657243288] 0.4073202734755281 [0.34083724517671066, 0.6648701683628084]
[[0.42857142857142855], [0.0], [0.0], [0.2857142857142857], [0.21428571428571427], [0.07142857142857142]]
~~~~~~~~~~~~~~~~~~~~~~~~~~~~~~~~~~~~~~~~~~~~~~~~~~~~~~~~~~~~~~~~~~~
kim 0.262668359558 [0.034854241098622563, 0.68792183294897913] 0.501871736485857 [0.19572137645204676, 0.8558246694708537]
[[0.7142857142857143], [0.0], [0.07142857142857142], [0.0], [0.14285714285714285], [0.07142857142857142]]
~~~~~~~~~~~~~~~~~~~~~~~~~~~~~~~~~~~~~~~~~~~~~~~~~~~~~~~~~~~~~~~~~~~
trump russia 0.169381352535 [0.22175036234473844, 0.86737279925877331] 0.4161291557469893 [0.46388259835259404, 0.9470507363044448]
[[0.5714285714285714], [0.42857142857142855], [0.0], [0.0], [0.0], [0.0]]
~~~~~~~~~~~~~~~~~~~~~~~~~~~~~~~~~~~~~~~~~~~~~~~~~~~~~~~~~~~~~~~~~~~
spicy 0.216387134126 [0.063186310764457798, 0.62546627078983486] 0.3768597702229239 [0.23718384649653365, 0.7502743581706713]
[[0.5454545454545454], [0.0], [0.18181818181818182], [0.0], [0.14545454545454545], [0.12727272727272726]]
~~~~~~~~~~~~~~~~~~~~~~~~~~~~~~~~~~~~~~~~~~~~~~~~~~~~~~~~~~~~~~~~~~~
press secretary sean spicer 0.167885130046 [0.039912455426653892, 0.85740189647036147] 0.42848831196470644 [0.20654984113910674, 0.952902505853602]
[[0.7], [0.16], [0.0], [0.0], [0.0], [0.14]]
~~~~~~~~~~~~~~~~~~~~~~~~~~~~~~~~~~~~~~~~~~~~~~~~~~~~~~~~~~~~~~~~~~~
rachel 0.263417335857 [0.26523527330107854, 0.83784652198866982] 0.39432779006305696 [0.4649756597778626, 0.8505798671355617]
[[0.35294117647058826], [0.0], [0.35294117647058826], [0.0], [0.0], [0.29411764705882354]]
~~~~~~~~~~~~~~~~~~~~~~~~~~~~~~~~~~~~~~~~~~~~~~~~~~~~~~~~~~~~~~~~~~~
ken 0.16544897274 [0.17438990036974311, 0.72052090104315969] 0.3410932640104359 [0.38478653676304375, 0.8079624723071243]
[[0.42857142857142855], [0.0], [0.07142857142857142], [0.0], [0.07142857142857142], [0.42857142857142855]]
~~~~~~~~~~~~~~~~~~~~~~~~~~~~~~~~~~~~~~~~~~~~~~~~~~~~~~~~~~~~~~~~~~~
donny 0.319007030195 [0.083036292230108, 0.78846480718461154] 0.5284440399914245 [0.28799448220592194, 0.9072071680106153]
[[0.6666666666666666], [0.0], [0.26666666666666666], [0.0], [0.06666666666666667], [0.0]]
~~~~~~~~~~~~~~~~~~~~~~~~~~~~~~~~~~~~~~~~~~~~~~~~~~~~~~~~~~~~~~~~~~~
airlines 0.265197554101 [0.071607588969927916, 0.54415118355143588] 0.48942150008091695 [0.26652780259597797, 0.7514637484231365]
[[0.6666666666666666], [0.0], [0.0], [0.0], [0.25], [0.08333333333333333]]
~~~~~~~~~~~~~~~~~~~~~~~~~~~~~~~~~~~~~~~~~~~~~~~~~~~~~~~~~~~~~~~~~~~
secretary of state 0.203419597026 [0.032047206695460795, 0.70881744568762795] 0.4406307491641377 [0.17925310747487477, 0.8544753834030433]
[[0.6666666666666666], [0.0], [0.0], [0.0], [0.1111111111111111], [0.2222222222222222]]
~~~~~~~~~~~~~~~~~~~~~~~~~~~~~~~~~~~~~~~~~~~~~~~~~~~~~~~~~~~~~~~~~~~
hrc 0.721362200668 [0.71652030001089329, 0.80000456501236916] 0.7405842134169992 [0.8338138738429313, 0.9116339120213361]
[[0.05], [0.0], [0.05], [0.7], [0.1], [0.1]]
~~~~~~~~~~~~~~~~~~~~~~~~~~~~~~~~~~~~~~~~~~~~~~~~~~~~~~~~~~~~~~~~~~~
-----------------------------------------------------------------------------------
bingo 0.230241764568 [0.30448902872468453, 0.30213430540560793] 0.3694986534618606 [0.4964182129261796, 0.5233909142859439]
[[0.3333333333333333], [0.0], [0.0], [0.0], [0.3333333333333333], [0.3333333333333333]]
~~~~~~~~~~~~~~~~~~~~~~~~~~~~~~~~~~~~~~~~~~~~~~~~~~~~~~~~~~~~~~~~~~~
omfg 0.482079733237 [0.73070321224162127, 0.56666456629586226] 0.5487107390359378 [0.7814832847924876, 0.7191380165748418]
[[0.0], [0.0], [0.0], [0.3], [0.2], [0.5]]
~~~~~~~~~~~~~~~~~~~~~~~~~~~~~~~~~~~~~~~~~~~~~~~~~~~~~~~~~~~~~~~~~~~
literally hitler 0.215306024381 [0.71544896636329613, 0.85124652329041428] 0.3797195819489191 [0.7711015891008498, 0.8757692123251473]
[[0.08333333333333333], [0.5], [0.0], [0.08333333333333333], [0.0], [0.3333333333333333]]
~~~~~~~~~~~~~~~~~~~~~~~~~~~~~~~~~~~~~~~~~~~~~~~~~~~~~~~~~~~~~~~~~~~
defending hitler 0.318035018822 [0.78683356335376353, 0.72303747226786763] 0.521407676095506 [0.8703695036167244, 0.8636844072413902]
[[0.125], [0.6875], [0.0], [0.0], [0.125], [0.0625]]
~~~~~~~~~~~~~~~~~~~~~~~~~~~~~~~~~~~~~~~~~~~~~~~~~~~~~~~~~~~~~~~~~~~
spice 0.312850904462 [0.39901852561011131, 0.15713241577749382] 0.40350281486039363 [0.5548747195259426, 0.39617087598366885]
[[0.26666666666666666], [0.0], [0.13333333333333333], [0.0], [0.4], [0.2]]
~~~~~~~~~~~~~~~~~~~~~~~~~~~~~~~~~~~~~~~~~~~~~~~~~~~~~~~~~~~~~~~~~~~
allies 0.38872275605 [0.27439027865014398, 0.26237303012149082] 0.4861500990261806 [0.47697405770536105, 0.493144298994659]
[[0.4], [0.0], [0.0], [0.2], [0.4], [0.0]]
~~~~~~~~~~~~~~~~~~~~~~~~~~~~~~~~~~~~~~~~~~~~~~~~~~~~~~~~~~~~~~~~~~~
male 0.421459053613 [0.36618966774344253, 0.16761208309148556] 0.5372571135746153 [0.5662938303397755, 0.40369010690031953]
[[0.4], [0.0], [0.1], [0.0], [0.5], [0.0]]
~~~~~~~~~~~~~~~~~~~~~~~~~~~~~~~~~~~~~~~~~~~~~~~~~~~~~~~~~~~~~~~~~~~
leftists 0.293292728506 [0.49751145379834294, 0.38795392061143286] 0.38402735991476306 [0.6115530480920799, 0.5780367148244204]
[[0.16666666666666666], [0.0], [0.20833333333333334], [0.0], [0.25], [0.375]]
~~~~~~~~~~~~~~~~~~~~~~~~~~~~~~~~~~~~~~~~~~~~~~~~~~~~~~~~~~~~~~~~~~~
update 0.496499147332 [0.62339478962299699, 0.29187213226919784] 0.4804362787823085 [0.6686091948505819, 0.5114262517073281]
[[0.07692307692307693], [0.0], [0.15384615384615385], [0.3076923076923077], [0.3076923076923077], [0.15384615384615385]]
~~~~~~~~~~~~~~~~~~~~~~~~~~~~~~~~~~~~~~~~~~~~~~~~~~~~~~~~~~~~~~~~~~~
didnγçöt use chemical weapons 0.342618468513 [0.77887264810848744, 0.89464636083075111] 0.6108872442839928 [0.9300308482517871, 1.0255521499646545]
[[0.15789473684210525], [0.7894736842105263], [0.0], [0.0], [0.0], [0.05263157894736842]]
~~~~~~~~~~~~~~~~~~~~~~~~~~~~~~~~~~~~~~~~~~~~~~~~~~~~~~~~~~~~~~~~~~~
sean spicer meant 0.310810349701 [0.73185407101563249, 0.88876926144781698] 0.565571602850899 [0.8807303084459823, 1.0002566561822899]
[[0.1875], [0.75], [0.0], [0.0], [0.0], [0.0625]]
~~~~~~~~~~~~~~~~~~~~~~~~~~~~~~~~~~~~~~~~~~~~~~~~~~~~~~~~~~~~~~~~~~~
firing sean spicer 0.0923868175355 [0.42573123280570102, 0.59964958324266848] 0.23435752885345973 [0.5764072013820689, 0.7136637878254677]
[[0.2857142857142857], [0.42857142857142855], [0.0], [0.0], [0.14285714285714285], [0.14285714285714285]]
~~~~~~~~~~~~~~~~~~~~~~~~~~~~~~~~~~~~~~~~~~~~~~~~~~~~~~~~~~~~~~~~~~~
trump administration 0.241891865743 [0.62303710616939501, 0.76629429292062357] 0.4445359432557899 [0.7549648927835803, 0.8686653674003648]
[[0.23893805309734514], [0.6283185840707964], [0.0], [0.008849557522123894], [0.07964601769911504], [0.04424778761061947]]
~~~~~~~~~~~~~~~~~~~~~~~~~~~~~~~~~~~~~~~~~~~~~~~~~~~~~~~~~~~~~~~~~~~
although 0.536151589671 [0.56523589211357239, 0.36973104967864789] 0.5642775829255452 [0.6795626034310491, 0.5796220371370234]
[[0.2222222222222222], [0.0], [0.4444444444444444], [0.0], [0.3333333333333333], [0.0]]
~~~~~~~~~~~~~~~~~~~~~~~~~~~~~~~~~~~~~~~~~~~~~~~~~~~~~~~~~~~~~~~~~~~
commander in chief 0.398094978356 [0.29452620105376315, 0.23028585228461496] 0.5664918941073782 [0.5309491126100583, 0.48578503323897104]
[[0.5], [0.0], [0.0], [0.0], [0.5], [0.0]]
~~~~~~~~~~~~~~~~~~~~~~~~~~~~~~~~~~~~~~~~~~~~~~~~~~~~~~~~~~~~~~~~~~~
=========================================================================================
christ 0.190360110136 [0.26806759252521783, 0.69337942864133484] 0.3549750773874808 [0.47250534011844325, 0.7877699574019723]
[[0.34782608695652173], [0.0], [0.08695652173913043], [0.0], [0.08695652173913043], [0.4782608695652174]]
~~~~~~~~~~~~~~~~~~~~~~~~~~~~~~~~~~~~~~~~~~~~~~~~~~~~~~~~~~~~~~~~~~~
tv 0.759305016407 [0.74885398307120898, 0.70228561342476259] 0.7843546952780756 [0.8740298150196287, 0.8740169353153767]
[[0.0425531914893617], [0.0], [0.0], [0.723404255319149], [0.19148936170212766], [0.0425531914893617]]
~~~~~~~~~~~~~~~~~~~~~~~~~~~~~~~~~~~~~~~~~~~~~~~~~~~~~~~~~~~~~~~~~~~
sean spicer claims hitler 0.172808221065 [0.61643624070825442, 0.85272762665254997] 0.3647472300769718 [0.7304776113662101, 0.8930962172775767]
[[0.189873417721519], [0.5569620253164557], [0.0], [0.0], [0.0], [0.25316455696202533]]
~~~~~~~~~~~~~~~~~~~~~~~~~~~~~~~~~~~~~~~~~~~~~~~~~~~~~~~~~~~~~~~~~~~
hitler gaffe 0.0454411223578 [0.29617985287188331, 0.82674777137942046] 0.19180106971161087 [0.49048457171608656, 0.8455982401392216]
[[0.35714285714285715], [0.35714285714285715], [0.0], [0.0], [0.0], [0.2857142857142857]]
~~~~~~~~~~~~~~~~~~~~~~~~~~~~~~~~~~~~~~~~~~~~~~~~~~~~~~~~~~~~~~~~~~~
pres 0.248409436904 [0.084648554216410377, 0.49524111063939813] 0.451454077649546 [0.2790093118890616, 0.700257135763972]
[[0.6153846153846154], [0.0], [0.0], [0.0], [0.2692307692307692], [0.11538461538461539]]
~~~~~~~~~~~~~~~~~~~~~~~~~~~~~~~~~~~~~~~~~~~~~~~~~~~~~~~~~~~~~~~~~~~
hitler comment 0.155485881746 [0.51601465035688021, 0.85603445160692104] 0.3540565103739613 [0.6711391553776413, 0.89819946638147]
[[0.28], [0.56], [0.0], [0.0], [0.0], [0.16]]
~~~~~~~~~~~~~~~~~~~~~~~~~~~~~~~~~~~~~~~~~~~~~~~~~~~~~~~~~~~~~~~~~~~
anne frank center calls on trump 0.0470595266376 [0.19723786773142238, 0.82307640588395914] 0.20027642928217526 [0.40489050112836605, 0.8486127096491974]
[[0.4166666666666667], [0.25], [0.0], [0.0], [0.0], [0.3333333333333333]]
~~~~~~~~~~~~~~~~~~~~~~~~~~~~~~~~~~~~~~~~~~~~~~~~~~~~~~~~~~~~~~~~~~~
fire sean spicer now 0.178053706761 [0.60595533983554817, 0.84995748205593813] 0.3247616811716885 [0.6904397770140657, 0.8515257932911021]
[[0.14814814814814814], [0.48148148148148145], [0.0], [0.14814814814814814], [0.0], [0.2222222222222222]]
~~~~~~~~~~~~~~~~~~~~~~~~~~~~~~~~~~~~~~~~~~~~~~~~~~~~~~~~~~~~~~~~~~~
heγçös 0.345698601114 [0.82816872978094414, 0.88857165532344462] 0.5629557472149285 [0.9142575524106128, 0.9785325042750099]
[[0.09090909090909091], [0.7272727272727273], [0.09090909090909091], [0.0], [0.0], [0.09090909090909091]]
~~~~~~~~~~~~~~~~~~~~~~~~~~~~~~~~~~~~~~~~~~~~~~~~~~~~~~~~~~~~~~~~~~~
itγçös 0.331409175741 [0.79752932556224043, 0.88089414305412328] 0.5020500000648248 [0.8517461059370726, 0.9287677867824098]
[[0.0975609756097561], [0.6341463414634146], [0.1951219512195122], [0.0], [0.0], [0.07317073170731707]]
~~~~~~~~~~~~~~~~~~~~~~~~~~~~~~~~~~~~~~~~~~~~~~~~~~~~~~~~~~~~~~~~~~~
good god 0.226979057874 [0.67236053303817356, 0.86724806455890335] 0.4394645595600746 [0.7889295449045888, 0.9289859333108068]
[[0.18181818181818182], [0.6363636363636364], [0.0], [0.0], [0.0], [0.18181818181818182]]
~~~~~~~~~~~~~~~~~~~~~~~~~~~~~~~~~~~~~~~~~~~~~~~~~~~~~~~~~~~~~~~~~~~
jr 0.305809747511 [0.10975437643313479, 0.46111376214711874] 0.4772772421023046 [0.31342484952466676, 0.66796381252826]
[[0.5882352941176471], [0.0], [0.058823529411764705], [0.058823529411764705], [0.29411764705882354], [0.0]]
~~~~~~~~~~~~~~~~~~~~~~~~~~~~~~~~~~~~~~~~~~~~~~~~~~~~~~~~~~~~~~~~~~~
whitehouse 0.233969031897 [0.075033207288834558, 0.47923315190721105] 0.3962527275065166 [0.25633366283072184, 0.6626789038742475]
[[0.55], [0.0], [0.05], [0.05], [0.25], [0.1]]
~~~~~~~~~~~~~~~~~~~~~~~~~~~~~~~~~~~~~~~~~~~~~~~~~~~~~~~~~~~~~~~~~~~
infowars 0.202211354508 [0.1356452324991495, 0.39485464523907654] 0.3427792960427815 [0.3393826561311404, 0.5906244354153407]
[[0.45454545454545453], [0.0], [0.09090909090909091], [0.0], [0.2727272727272727], [0.18181818181818182]]
~~~~~~~~~~~~~~~~~~~~~~~~~~~~~~~~~~~~~~~~~~~~~~~~~~~~~~~~~~~~~~~~~~~
boom 0.318619567419 [0.50528406513850821, 0.61234031054232296] 0.42028162267826735 [0.6286505791317611, 0.72383582123291]
[[0.13793103448275862], [0.0], [0.034482758620689655], [0.20689655172413793], [0.13793103448275862], [0.4827586206896552]]
~~~~~~~~~~~~~~~~~~~~~~~~~~~~~~~~~~~~~~~~~~~~~~~~~~~~~~~~~~~~~~~~~~~
ivanka influenced syria strike decision 0.445216732064 [0.93087218938024896, 0.91244624222767667] 0.7704742059157053 [1.106073805833673, 1.1232407340062476]
[[0.038461538461538464], [0.9230769230769231], [0.0], [0.0], [0.0], [0.038461538461538464]]
~~~~~~~~~~~~~~~~~~~~~~~~~~~~~~~~~~~~~~~~~~~~~~~~~~~~~~~~~~~~~~~~~~~
cubs 0.276426714107 [0.46106070849626379, 0.67167686084300304] 0.40545944206122647 [0.6089465586534285, 0.7659707834818428]
[[0.2], [0.0], [0.2], [0.0], [0.1], [0.5]]
~~~~~~~~~~~~~~~~~~~~~~~~~~~~~~~~~~~~~~~~~~~~~~~~~~~~~~~~~~~~~~~~~~~
sean spicer tells press corps hitler 0.188568306814 [0.07267266138615136, 0.84631385177005081] 0.4426876803681564 [0.2727853595200509, 0.9449513099503939]
[[0.625], [0.0], [0.0], [0.0], [0.0], [0.375]]
~~~~~~~~~~~~~~~~~~~~~~~~~~~~~~~~~~~~~~~~~~~~~~~~~~~~~~~~~~~~~~~~~~~
breaking 0.524310298071 [0.62386384051470589, 0.59550634151363291] 0.5226677816829068 [0.6883628457728156, 0.7075339963191882]
[[0.0641025641025641], [0.0], [0.08974358974358974], [0.44871794871794873], [0.16666666666666666], [0.23076923076923078]]
~~~~~~~~~~~~~~~~~~~~~~~~~~~~~~~~~~~~~~~~~~~~~~~~~~~~~~~~~~~~~~~~~~~
trumps 0.169044465145 [0.078315269859958181, 0.52329289671885848] 0.33655794746766154 [0.26223051395634606, 0.6863877277626002]
[[0.5205479452054794], [0.0136986301369863], [0.0410958904109589], [0.0], [0.2054794520547945], [0.2191780821917808]]
~~~~~~~~~~~~~~~~~~~~~~~~~~~~~~~~~~~~~~~~~~~~~~~~~~~~~~~~~~~~~~~~~~~
welp 0.334668363994 [0.51636681314464339, 0.84112850806465311] 0.4774528640146003 [0.6667240232191516, 0.884558813912184]
[[0.18181818181818182], [0.0], [0.2727272727272727], [0.0], [0.0], [0.5454545454545454]]
~~~~~~~~~~~~~~~~~~~~~~~~~~~~~~~~~~~~~~~~~~~~~~~~~~~~~~~~~~~~~~~~~~~
hill 0.285580973302 [0.16041803677345756, 0.35597460711609552] 0.463096852613475 [0.3785690264919755, 0.5872506160384835]
[[0.5454545454545454], [0.0], [0.0], [0.0], [0.36363636363636365], [0.09090909090909091]]
~~~~~~~~~~~~~~~~~~~~~~~~~~~~~~~~~~~~~~~~~~~~~~~~~~~~~~~~~~~~~~~~~~~
eric trump admits 0.085636657805 [0.35203757766247579, 0.84198418116745644] 0.2616778699933344 [0.5418776392993226, 0.8696218641719754]
[[0.36363636363636365], [0.45454545454545453], [0.0], [0.0], [0.0], [0.18181818181818182]]
~~~~~~~~~~~~~~~~~~~~~~~~~~~~~~~~~~~~~~~~~~~~~~~~~~~~~~~~~~~~~~~~~~~
donγçöt 0.39518469684 [0.8464002236282091, 0.89757823367246214] 0.6015425389637302 [0.9318829145397587, 0.9910204816826717]
[[0.09090909090909091], [0.7272727272727273], [0.18181818181818182], [0.0], [0.0], [0.0]]
~~~~~~~~~~~~~~~~~~~~~~~~~~~~~~~~~~~~~~~~~~~~~~~~~~~~~~~~~~~~~~~~~~~
eric trump says syria strike 0.192106333271 [0.52222891082244582, 0.86700735440673427] 0.41065559354863496 [0.6936466186696603, 0.9268292052209746]
[[0.3088235294117647], [0.6029411764705882], [0.0], [0.0], [0.0], [0.08823529411764706]]
~~~~~~~~~~~~~~~~~~~~~~~~~~~~~~~~~~~~~~~~~~~~~~~~~~~~~~~~~~~~~~~~~~~
the holocaust centers 0.147489281924 [0.17649967838098057, 0.4191409089674345] 0.3025318801325824 [0.3831313379014424, 0.6096914548784454]
[[0.4666666666666667], [0.2], [0.0], [0.0], [0.26666666666666666], [0.06666666666666667]]
~~~~~~~~~~~~~~~~~~~~~~~~~~~~~~~~~~~~~~~~~~~~~~~~~~~~~~~~~~~~~~~~~~~
dybala 0.380283006237 [0.57928229346877957, 0.85846459607540693] 0.6541935277264238 [0.8212082209924677, 1.0222813856521293]
[[0.19047619047619047], [0.0], [0.0], [0.0], [0.0], [0.8095238095238095]]
~~~~~~~~~~~~~~~~~~~~~~~~~~~~~~~~~~~~~~~~~~~~~~~~~~~~~~~~~~~~~~~~~~~
mike 0.201880379063 [0.29405027240356019, 0.70198502364523296] 0.3693815390142731 [0.49662127909151477, 0.7966573457177336]
[[0.3333333333333333], [0.0], [0.08333333333333333], [0.0], [0.08333333333333333], [0.5]]
~~~~~~~~~~~~~~~~~~~~~~~~~~~~~~~~~~~~~~~~~~~~~~~~~~~~~~~~~~~~~~~~~~~
happy passover 0.139360774484 [0.20890172060383039, 0.73297893091641741] 0.3250306048684246 [0.42240466990143954, 0.8201456155043895]
[[0.4126984126984127], [0.06349206349206349], [0.0], [0.0], [0.06349206349206349], [0.4603174603174603]]
~~~~~~~~~~~~~~~~~~~~~~~~~~~~~~~~~~~~~~~~~~~~~~~~~~~~~~~~~~~~~~~~~~~
didnγçöt 0.338374553087 [0.80495986834364164, 0.8913100564573041] 0.5960073308690245 [0.9344325858008063, 1.012960999499782]
[[0.12244897959183673], [0.7755102040816326], [0.0], [0.0], [0.0], [0.10204081632653061]]
~~~~~~~~~~~~~~~~~~~~~~~~~~~~~~~~~~~~~~~~~~~~~~~~~~~~~~~~~~~~~~~~~~~
watching sean spicer 0.171418795743 [0.45280988936854383, 0.79321444076492276] 0.3741939534689107 [0.6330285888468649, 0.8703726402206059]
[[0.35], [0.55], [0.0], [0.0], [0.05], [0.05]]
~~~~~~~~~~~~~~~~~~~~~~~~~~~~~~~~~~~~~~~~~~~~~~~~~~~~~~~~~~~~~~~~~~~
tomahawks 0.264745078504 [0.13548185175102678, 0.39148294532529637] 0.4457112396600782 [0.34694744020034635, 0.6139334944150852]
[[0.5555555555555556], [0.0], [0.0], [0.0], [0.3333333333333333], [0.1111111111111111]]
~~~~~~~~~~~~~~~~~~~~~~~~~~~~~~~~~~~~~~~~~~~~~~~~~~~~~~~~~~~~~~~~~~~
thatγçös 0.364923055596 [0.77734137530201353, 0.86663226873997845] 0.4626962763958273 [0.7881280183255774, 0.867823134431541]
[[0.06666666666666667], [0.4], [0.4], [0.0], [0.0], [0.13333333333333333]]
~~~~~~~~~~~~~~~~~~~~~~~~~~~~~~~~~~~~~~~~~~~~~~~~~~~~~~~~~~~~~~~~~~~
us secretary of state 0.175977289046 [0.30845197148121506, 0.86894296993473097] 0.4158960038642981 [0.5433092188568929, 0.9432318832690589]
[[0.5], [0.5], [0.0], [0.0], [0.0], [0.0]]
~~~~~~~~~~~~~~~~~~~~~~~~~~~~~~~~~~~~~~~~~~~~~~~~~~~~~~~~~~~~~~~~~~~
russian spy 0.297966459846 [0.65323271621498091, 0.8876448710094228] 0.507461152159899 [0.79250531721019, 0.9561871683192252]
[[0.2222222222222222], [0.6666666666666666], [0.0], [0.1111111111111111], [0.0], [0.0]]
~~~~~~~~~~~~~~~~~~~~~~~~~~~~~~~~~~~~~~~~~~~~~~~~~~~~~~~~~~~~~~~~~~~
ah 0.512638262118 [0.68075047126597676, 0.80750591476530964] 0.5523894950482897 [0.7449716914452725, 0.8456373097257397]
[[0.07692307692307693], [0.0], [0.5], [0.07692307692307693], [0.038461538461538464], [0.3076923076923077]]
~~~~~~~~~~~~~~~~~~~~~~~~~~~~~~~~~~~~~~~~~~~~~~~~~~~~~~~~~~~~~~~~~~~
white house press secretary 0.0725675767368 [0.24937604525523949, 0.81196249598652437] 0.24494274744547437 [0.45676233450553816, 0.8526829209824325]
[[0.4339622641509434], [0.39622641509433965], [0.0], [0.0], [0.018867924528301886], [0.1509433962264151]]
~~~~~~~~~~~~~~~~~~~~~~~~~~~~~~~~~~~~~~~~~~~~~~~~~~~~~~~~~~~~~~~~~~~
fire sean spicer 0.167096338354 [0.57548747650048426, 0.84247591226502183] 0.34947415144075106 [0.6981939917210037, 0.8786474812268117]
[[0.2184873949579832], [0.5546218487394958], [0.0], [0.03361344537815126], [0.008403361344537815], [0.18487394957983194]]
~~~~~~~~~~~~~~~~~~~~~~~~~~~~~~~~~~~~~~~~~~~~~~~~~~~~~~~~~~~~~~~~~~~
nope 0.284826152596 [0.47493558072258057, 0.69318006012538647] 0.40833793810822155 [0.6161284022889423, 0.7755782771631006]
[[0.17391304347826086], [0.0], [0.13043478260869565], [0.08695652173913043], [0.08695652173913043], [0.5217391304347826]]
~~~~~~~~~~~~~~~~~~~~~~~~~~~~~~~~~~~~~~~~~~~~~~~~~~~~~~~~~~~~~~~~~~~
sean spicer apologizes 0.120416490153 [0.52530980322270238, 0.84089589846338408] 0.29637671982017133 [0.6596999488545734, 0.868171813236961]
[[0.22972972972972974], [0.4864864864864865], [0.0], [0.0], [0.0], [0.28378378378378377]]
~~~~~~~~~~~~~~~~~~~~~~~~~~~~~~~~~~~~~~~~~~~~~~~~~~~~~~~~~~~~~~~~~~~
syria strike proves 0.0491016647826 [0.2862190849323496, 0.83020157807663486] 0.20104109694446265 [0.48374423198016275, 0.8505732048564573]
[[0.375], [0.375], [0.0], [0.0], [0.0], [0.25]]
~~~~~~~~~~~~~~~~~~~~~~~~~~~~~~~~~~~~~~~~~~~~~~~~~~~~~~~~~~~~~~~~~~~
syria strike 0.200046874887 [0.56079149068490208, 0.86720123598370491] 0.4169848208840764 [0.7189096604795328, 0.9270655372235418]
[[0.27692307692307694], [0.6153846153846154], [0.0], [0.0], [0.0], [0.1076923076923077]]
~~~~~~~~~~~~~~~~~~~~~~~~~~~~~~~~~~~~~~~~~~~~~~~~~~~~~~~~~~~~~~~~~~~
sean spicer holocaust centers 0.304750343459 [0.48801031167755382, 0.84764373783384894] 0.5473962128598895 [0.7109855118914375, 0.9647415109067035]
[[0.25], [0.03571428571428571], [0.0], [0.0], [0.0], [0.7142857142857143]]
~~~~~~~~~~~~~~~~~~~~~~~~~~~~~~~~~~~~~~~~~~~~~~~~~~~~~~~~~~~~~~~~~~~
meanwhile 0.621318233487 [0.73606281778821492, 0.7603256049082906] 0.6637871254168426 [0.820914863279334, 0.8655958529212759]
[[0.0967741935483871], [0.0], [0.6451612903225806], [0.0], [0.0967741935483871], [0.16129032258064516]]
~~~~~~~~~~~~~~~~~~~~~~~~~~~~~~~~~~~~~~~~~~~~~~~~~~~~~~~~~~~~~~~~~~~
jesus 0.334259778426 [0.45884364794678623, 0.80260463977762053] 0.4411992252965182 [0.606510936181112, 0.8335206205495701]
[[0.21428571428571427], [0.0], [0.38095238095238093], [0.0], [0.023809523809523808], [0.38095238095238093]]
~~~~~~~~~~~~~~~~~~~~~~~~~~~~~~~~~~~~~~~~~~~~~~~~~~~~~~~~~~~~~~~~~~~
sean spicer barca 0.356000268698 [0.5380145495556995, 0.85500125429126628] 0.6208433315711828 [0.777802189315481, 1.0041771718160342]
[[0.2222222222222222], [0.0], [0.0], [0.0], [0.0], [0.7777777777777778]]
~~~~~~~~~~~~~~~~~~~~~~~~~~~~~~~~~~~~~~~~~~~~~~~~~~~~~~~~~~~~~~~~~~~
carter page spied 0.118352468396 [0.1857255381580829, 0.82810500134392173] 0.31488069444714356 [0.4014235261127009, 0.8788733712417055]
[[0.4444444444444444], [0.1111111111111111], [0.0], [0.0], [0.0], [0.4444444444444444]]
~~~~~~~~~~~~~~~~~~~~~~~~~~~~~~~~~~~~~~~~~~~~~~~~~~~~~~~~~~~~~~~~~~~
deep state 0.179077276847 [0.21702905815453977, 0.44105939264855953] 0.3061315765329482 [0.4194289600016605, 0.6137155240222527]
[[0.3333333333333333], [0.0], [0.0], [0.1111111111111111], [0.2222222222222222], [0.3333333333333333]]
~~~~~~~~~~~~~~~~~~~~~~~~~~~~~~~~~~~~~~~~~~~~~~~~~~~~~~~~~~~~~~~~~~~
twitter 0.227021082655 [0.079203294984830364, 0.49508319251851163] 0.40025158509659425 [0.2631449690305385, 0.6785775135937484]
[[0.5641025641025641], [0.0], [0.07051282051282051], [0.0], [0.24358974358974358], [0.12179487179487179]]
~~~~~~~~~~~~~~~~~~~~~~~~~~~~~~~~~~~~~~~~~~~~~~~~~~~~~~~~~~~~~~~~~~~
white house press secretary sean spicer 0.168592808662 [0.11078078191203411, 0.8643172402835122] 0.4268554327015243 [0.3344328689395852, 0.9548975869275066]
[[0.6626506024096386], [0.30120481927710846], [0.0], [0.0], [0.0], [0.03614457831325301]]
~~~~~~~~~~~~~~~~~~~~~~~~~~~~~~~~~~~~~~~~~~~~~~~~~~~~~~~~~~~~~~~~~~~
holocaust centers 0.0413370277936 [0.17407217921057694, 0.61856756679476832] 0.1639532756711069 [0.3802606961280126, 0.72142886190035]
[[0.4222222222222222], [0.27901234567901234], [0.0], [0.012345679012345678], [0.12345679012345678], [0.16296296296296298]]
~~~~~~~~~~~~~~~~~~~~~~~~~~~~~~~~~~~~~~~~~~~~~~~~~~~~~~~~~~~~~~~~~~~
spy on trump adviser 0.50422563685 [0.76944981233397236, 0.87594644393093068] 0.768308918780391 [0.980321876985787, 1.0706824784402402]
[[0.0], [0.0], [0.0], [0.125], [0.0], [0.875]]
~~~~~~~~~~~~~~~~~~~~~~~~~~~~~~~~~~~~~~~~~~~~~~~~~~~~~~~~~~~~~~~~~~~
barca 0.27539601845 [0.41162781196957166, 0.77240787860859172] 0.49543775024474973 [0.6315792666563075, 0.8945050315424892]
[[0.2972972972972973], [0.0], [0.0], [0.0], [0.05405405405405406], [0.6486486486486487]]
~~~~~~~~~~~~~~~~~~~~~~~~~~~~~~~~~~~~~~~~~~~~~~~~~~~~~~~~~~~~~~~~~~~
sean spicer defends 0.0864166571491 [0.4461811647783035, 0.82741066611927516] 0.2470331408961476 [0.6003931651032601, 0.8491797049335565]
[[0.25], [0.375], [0.0], [0.0], [0.0], [0.375]]
~~~~~~~~~~~~~~~~~~~~~~~~~~~~~~~~~~~~~~~~~~~~~~~~~~~~~~~~~~~~~~~~~~~
monitor former trump adviser carter page 0.483335463943 [0.96699195360073875, 0.92039884686092743] 0.8463274809420562 [1.177122435904338, 1.176885265964469]
[[0.012658227848101266], [0.9873417721518988], [0.0], [0.0], [0.0], [0.0]]
~~~~~~~~~~~~~~~~~~~~~~~~~~~~~~~~~~~~~~~~~~~~~~~~~~~~~~~~~~~~~~~~~~~
congress 0.246003353809 [0.090494677631585252, 0.47411331598745698] 0.43392846037868676 [0.28404511819164996, 0.6757767881463168]
[[0.589041095890411], [0.0], [0.0273972602739726], [0.0], [0.273972602739726], [0.1095890410958904]]
~~~~~~~~~~~~~~~~~~~~~~~~~~~~~~~~~~~~~~~~~~~~~~~~~~~~~~~~~~~~~~~~~~~
monitor trump adviser carter page 0.426691381193 [0.91108491212851694, 0.9087098381491252] 0.736925773438774 [1.07378358313515, 1.1005822817195792]
[[0.05263157894736842], [0.8947368421052632], [0.0], [0.0], [0.0], [0.05263157894736842]]
~~~~~~~~~~~~~~~~~~~~~~~~~~~~~~~~~~~~~~~~~~~~~~~~~~~~~~~~~~~~~~~~~~~
anne frank center calls 0.0723320974318 [0.33485638794383343, 0.8379249132417782] 0.24015312487635274 [0.5258901841466516, 0.8622633033113716]
[[0.36363636363636365], [0.4318181818181818], [0.0], [0.0], [0.0], [0.20454545454545456]]
~~~~~~~~~~~~~~~~~~~~~~~~~~~~~~~~~~~~~~~~~~~~~~~~~~~~~~~~~~~~~~~~~~~
nancy 0.198769083065 [0.24254769081500949, 0.76289751553126184] 0.3401679389168642 [0.4438869421901532, 0.807101853426643]
[[0.34615384615384615], [0.0], [0.23076923076923078], [0.0], [0.038461538461538464], [0.38461538461538464]]
~~~~~~~~~~~~~~~~~~~~~~~~~~~~~~~~~~~~~~~~~~~~~~~~~~~~~~~~~~~~~~~~~~~
12.748613119125366 49.496450901031494
2   Consumed
**********************************************************
Phase I extracting now
6.350786924362183 55.84723782539368
14128
3   Produced
**********************************************************
119
119
{-0.04293667404876059}
aggregated sketch: [0.678101902987759, 0.013980244829339619, 0.04845516754284545, 0.10308408576767793, 0.027892947313962222, 0.12848565155841607]
aggregated sketch: [0.07483962114373323, 0.068003131858265, 0.03874737417290473, 0.026131634634849247, 0.7106650856135552, 0.08161315257669362]
aggregated sketch: [0.3192724145672255, 0.28427333006826816, 0.029942070560694128, 0.04810047692640102, 0.07469677251109896, 0.24371493536631225]
pence 0.36061790784 [0.079810250719443254, 0.61932993671940617] 0.5250061279794903 [0.2740871546450495, 0.7813607449213469]
[[0.625], [0.0], [0.1875], [0.0], [0.1875], [0.0]]
~~~~~~~~~~~~~~~~~~~~~~~~~~~~~~~~~~~~~~~~~~~~~~~~~~~~~~~~~~~~~~~~~~~
whitehouse 0.292507281286 [0.049945952628170476, 0.55729316868211476] 0.46371108194794625 [0.215881725086695, 0.7300887190951443]
[[0.6086956521739131], [0.0], [0.043478260869565216], [0.043478260869565216], [0.21739130434782608], [0.08695652173913043]]
~~~~~~~~~~~~~~~~~~~~~~~~~~~~~~~~~~~~~~~~~~~~~~~~~~~~~~~~~~~~~~~~~~~
trumps 0.240808086806 [0.053716983593015355, 0.56698103699957625] 0.41341762558490974 [0.22450340041946687, 0.7272850758183012]
[[0.5784313725490197], [0.00980392156862745], [0.049019607843137254], [0.0], [0.19607843137254902], [0.16666666666666666]]
~~~~~~~~~~~~~~~~~~~~~~~~~~~~~~~~~~~~~~~~~~~~~~~~~~~~~~~~~~~~~~~~~~~
pesach 0.305487224716 [0.038690823630974314, 0.65082676077202317] 0.5444034444451467 [0.21081824064352295, 0.8439573696226415]
[[0.7272727272727273], [0.0], [0.0], [0.0], [0.18181818181818182], [0.09090909090909091]]
~~~~~~~~~~~~~~~~~~~~~~~~~~~~~~~~~~~~~~~~~~~~~~~~~~~~~~~~~~~~~~~~~~~
liar in chief 0.215796130522 [0.02422647515885501, 0.86019819765165917] 0.47495461239322856 [0.1685453748991149, 0.9660591087947858]
[[0.7142857142857143], [0.07142857142857142], [0.0], [0.0], [0.0], [0.21428571428571427]]
~~~~~~~~~~~~~~~~~~~~~~~~~~~~~~~~~~~~~~~~~~~~~~~~~~~~~~~~~~~~~~~~~~~
naval war college 0.211140094363 [0.11526803027587096, 0.84703583971016261] 0.4450810562788882 [0.3382487236631587, 0.9357869227015041]
[[0.5714285714285714], [0.0], [0.0], [0.0], [0.0], [0.42857142857142855]]
~~~~~~~~~~~~~~~~~~~~~~~~~~~~~~~~~~~~~~~~~~~~~~~~~~~~~~~~~~~~~~~~~~~
nancy 0.225589996148 [0.15694352938648604, 0.78561578028943801] 0.3695104375782733 [0.37202646950208984, 0.8249298313261981]
[[0.42424242424242425], [0.0], [0.21212121212121213], [0.0], [0.030303030303030304], [0.3333333333333333]]
~~~~~~~~~~~~~~~~~~~~~~~~~~~~~~~~~~~~~~~~~~~~~~~~~~~~~~~~~~~~~~~~~~~
-----------------------------------------------------------------------------------
holocaust centre 0.0705668202883 [0.25002371576927418, 0.40230331835603228] 0.19074088630559544 [0.4575469208877617, 0.5861405449740877]
[[0.35294117647058826], [0.23529411764705882], [0.0], [0.0], [0.23529411764705882], [0.17647058823529413]]
~~~~~~~~~~~~~~~~~~~~~~~~~~~~~~~~~~~~~~~~~~~~~~~~~~~~~~~~~~~~~~~~~~~
frankly 0.375152171368 [0.23058102320934049, 0.26669597888121743] 0.501749017601971 [0.45269217128668787, 0.5020823947428079]
[[0.47058823529411764], [0.0], [0.058823529411764705], [0.0], [0.4117647058823529], [0.058823529411764705]]
~~~~~~~~~~~~~~~~~~~~~~~~~~~~~~~~~~~~~~~~~~~~~~~~~~~~~~~~~~~~~~~~~~~
amen 0.385151273644 [0.64776789528790668, 0.44428981755256292] 0.4749306378806287 [0.7283260049866901, 0.6265962507978892]
[[0.08333333333333333], [0.0], [0.08333333333333333], [0.08333333333333333], [0.25], [0.5]]
~~~~~~~~~~~~~~~~~~~~~~~~~~~~~~~~~~~~~~~~~~~~~~~~~~~~~~~~~~~~~~~~~~~
hmm 0.664659655152 [0.74365490010282187, 0.64655812931485657] 0.65903726130041 [0.8100432325500948, 0.7757356742343218]
[[0.08333333333333333], [0.0], [0.5833333333333334], [0.0], [0.16666666666666666], [0.16666666666666666]]
~~~~~~~~~~~~~~~~~~~~~~~~~~~~~~~~~~~~~~~~~~~~~~~~~~~~~~~~~~~~~~~~~~~
good god 0.153654968521 [0.71401147881684124, 0.75786692466905436] 0.33910169286799535 [0.7919343120975109, 0.8371749944185326]
[[0.125], [0.5625], [0.0], [0.0], [0.0625], [0.25]]
~~~~~~~~~~~~~~~~~~~~~~~~~~~~~~~~~~~~~~~~~~~~~~~~~~~~~~~~~~~~~~~~~~~
the holocaust center 0.0521657626256 [0.25372951318873105, 0.4713012509095329] 0.1668340540349896 [0.46048082789397343, 0.6300739571743627]
[[0.36], [0.28], [0.0], [0.0], [0.2], [0.16]]
~~~~~~~~~~~~~~~~~~~~~~~~~~~~~~~~~~~~~~~~~~~~~~~~~~~~~~~~~~~~~~~~~~~
stay focused 0.136622724775 [0.50383756177577199, 0.42615202058174462] 0.2791982699998087 [0.6360763281722908, 0.6083608218811892]
[[0.25], [0.4166666666666667], [0.0], [0.0], [0.25], [0.08333333333333333]]
~~~~~~~~~~~~~~~~~~~~~~~~~~~~~~~~~~~~~~~~~~~~~~~~~~~~~~~~~~~~~~~~~~~
monitor carter page 0.224247228001 [0.70349400387431094, 0.8245579957495508] 0.46218839913296916 [0.8398170970683296, 0.9292728794203745]
[[0.19230769230769232], [0.6923076923076923], [0.0], [0.0], [0.038461538461538464], [0.07692307692307693]]
~~~~~~~~~~~~~~~~~~~~~~~~~~~~~~~~~~~~~~~~~~~~~~~~~~~~~~~~~~~~~~~~~~~
ask sean spicer 0.1197948435 [0.62766527432657382, 0.84519352192937158] 0.3100418698463368 [0.745406266366836, 0.8865692188591152]
[[0.18181818181818182], [0.5454545454545454], [0.0], [0.0], [0.0], [0.2727272727272727]]
~~~~~~~~~~~~~~~~~~~~~~~~~~~~~~~~~~~~~~~~~~~~~~~~~~~~~~~~~~~~~~~~~~~
colluding with russia 0.192013845596 [0.67455940192095909, 0.86673901335178405] 0.42563823224805764 [0.8134008314557076, 0.9429554414620671]
[[0.2], [0.6666666666666666], [0.0], [0.0], [0.0], [0.13333333333333333]]
~~~~~~~~~~~~~~~~~~~~~~~~~~~~~~~~~~~~~~~~~~~~~~~~~~~~~~~~~~~~~~~~~~~
sean spicer's holocaust comments 0.255444746975 [0.7532986873082439, 0.88046672089930134] 0.5229061400712369 [0.9010721641958802, 0.9935548264483184]
[[0.16666666666666666], [0.75], [0.0], [0.0], [0.0], [0.08333333333333333]]
~~~~~~~~~~~~~~~~~~~~~~~~~~~~~~~~~~~~~~~~~~~~~~~~~~~~~~~~~~~~~~~~~~~
nope 0.34687021123 [0.57963539599010838, 0.59232743099050111] 0.45574029661531484 [0.6930138340235521, 0.7214450865033658]
[[0.125], [0.0], [0.125], [0.0625], [0.15625], [0.53125]]
~~~~~~~~~~~~~~~~~~~~~~~~~~~~~~~~~~~~~~~~~~~~~~~~~~~~~~~~~~~~~~~~~~~
curb 0.407942167511 [0.36562125098782783, 0.14655498214697527] 0.5258713252920242 [0.570386355563725, 0.37765536267021577]
[[0.375], [0.0], [0.0], [0.0], [0.5], [0.125]]
~~~~~~~~~~~~~~~~~~~~~~~~~~~~~~~~~~~~~~~~~~~~~~~~~~~~~~~~~~~~~~~~~~~
meanwhile 0.704004439949 [0.76144770566687792, 0.70776007617200287] 0.7059997842319107 [0.8425384042560465, 0.8321301576602151]
[[0.08333333333333333], [0.0], [0.6388888888888888], [0.0], [0.1388888888888889], [0.1388888888888889]]
~~~~~~~~~~~~~~~~~~~~~~~~~~~~~~~~~~~~~~~~~~~~~~~~~~~~~~~~~~~~~~~~~~~
seder 0.422603862068 [0.30249409841667663, 0.19804086829594647] 0.5424668553979749 [0.5229755090895787, 0.43773781298577535]
[[0.43478260869565216], [0.0], [0.0], [0.043478260869565216], [0.4782608695652174], [0.043478260869565216]]
~~~~~~~~~~~~~~~~~~~~~~~~~~~~~~~~~~~~~~~~~~~~~~~~~~~~~~~~~~~~~~~~~~~
=========================================================================================
christ 0.255834369519 [0.37539478205651378, 0.72901358165301622] 0.42663644590085215 [0.5782143988409818, 0.825047159914133]
[[0.2962962962962963], [0.0], [0.07407407407407407], [0.0], [0.07407407407407407], [0.5555555555555556]]
~~~~~~~~~~~~~~~~~~~~~~~~~~~~~~~~~~~~~~~~~~~~~~~~~~~~~~~~~~~~~~~~~~~
tv 0.808219485023 [0.78223171145704073, 0.70046321691052249] 0.8212837893565765 [0.9092589329078818, 0.8783224606438048]
[[0.03571428571428571], [0.0], [0.0], [0.7321428571428571], [0.19642857142857142], [0.03571428571428571]]
~~~~~~~~~~~~~~~~~~~~~~~~~~~~~~~~~~~~~~~~~~~~~~~~~~~~~~~~~~~~~~~~~~~
middle east 0.282035524011 [0.083198132547163128, 0.49408682844770924] 0.4664545637541021 [0.27854237772947144, 0.6942313998918515]
[[0.6], [0.0], [0.0], [0.0], [0.26666666666666666], [0.13333333333333333]]
~~~~~~~~~~~~~~~~~~~~~~~~~~~~~~~~~~~~~~~~~~~~~~~~~~~~~~~~~~~~~~~~~~~
sean spicer claims hitler 0.140696405874 [0.61960600894853557, 0.85411491461439426] 0.3470618763765574 [0.75343151347091, 0.9061776328768638]
[[0.21153846153846154], [0.5961538461538461], [0.0], [0.0], [0.0], [0.19230769230769232]]
~~~~~~~~~~~~~~~~~~~~~~~~~~~~~~~~~~~~~~~~~~~~~~~~~~~~~~~~~~~~~~~~~~~
hitler gaffe 0.0244308580194 [0.2555659140279295, 0.82529022565894472] 0.1501104475637055 [0.46679132056597583, 0.8460484797443485]
[[0.3888888888888889], [0.3333333333333333], [0.0], [0.0], [0.0], [0.2777777777777778]]
~~~~~~~~~~~~~~~~~~~~~~~~~~~~~~~~~~~~~~~~~~~~~~~~~~~~~~~~~~~~~~~~~~~
says trump 0.192441554162 [0.62403219026802481, 0.86938296392273895] 0.4320350322252228 [0.7870796672163933, 0.9497348353684457]
[[0.25], [0.6666666666666666], [0.0], [0.0], [0.0], [0.08333333333333333]]
~~~~~~~~~~~~~~~~~~~~~~~~~~~~~~~~~~~~~~~~~~~~~~~~~~~~~~~~~~~~~~~~~~~
breaking news 0.619307187804 [0.68069658411322798, 0.87158478135807327] 0.659695158959303 [0.7923505413041796, 0.9183655733564617]
[[0.07627118644067797], [0.07627118644067797], [0.0], [0.6271186440677966], [0.025423728813559324], [0.19491525423728814]]
~~~~~~~~~~~~~~~~~~~~~~~~~~~~~~~~~~~~~~~~~~~~~~~~~~~~~~~~~~~~~~~~~~~
youtube 0.197117890876 [0.11571046398520168, 0.59228002285744052] 0.37190980014021685 [0.3232054790004465, 0.7379273830132285]
[[0.5], [0.0], [0.0], [0.0], [0.16666666666666666], [0.3333333333333333]]
~~~~~~~~~~~~~~~~~~~~~~~~~~~~~~~~~~~~~~~~~~~~~~~~~~~~~~~~~~~~~~~~~~~
pres 0.265763120476 [0.10989473253606818, 0.44059473002868166] 0.43300345934425516 [0.3159652080740248, 0.6431636434516357]
[[0.5428571428571428], [0.0], [0.0], [0.0], [0.2857142857142857], [0.17142857142857143]]
~~~~~~~~~~~~~~~~~~~~~~~~~~~~~~~~~~~~~~~~~~~~~~~~~~~~~~~~~~~~~~~~~~~
hitler comment 0.0843696647881 [0.49361149906292234, 0.84250849318385301] 0.257891690396405 [0.6526174281385404, 0.8728022640472939]
[[0.2714285714285714], [0.5142857142857142], [0.0], [0.014285714285714285], [0.0], [0.2]]
~~~~~~~~~~~~~~~~~~~~~~~~~~~~~~~~~~~~~~~~~~~~~~~~~~~~~~~~~~~~~~~~~~~
anne frank center calls on trump 0.0529318298512 [0.15517447802667217, 0.82717871230592688] 0.20840709145650493 [0.37045602386778664, 0.8569129744490879]
[[0.46153846153846156], [0.23076923076923078], [0.0], [0.0], [0.0], [0.3076923076923077]]
~~~~~~~~~~~~~~~~~~~~~~~~~~~~~~~~~~~~~~~~~~~~~~~~~~~~~~~~~~~~~~~~~~~
ps 0.739472203212 [0.79882394518209709, 0.60396564069437908] 0.7234668291197448 [0.8638409797462818, 0.7696509609742903]
[[0.0], [0.0], [0.0], [0.6153846153846154], [0.23076923076923078], [0.15384615384615385]]
~~~~~~~~~~~~~~~~~~~~~~~~~~~~~~~~~~~~~~~~~~~~~~~~~~~~~~~~~~~~~~~~~~~
russia knew 0.292043988987 [0.74759404708477573, 0.89052053747897297] 0.5898932467329493 [0.9330142088069228, 1.035839261707921]
[[0.2], [0.8], [0.0], [0.0], [0.0], [0.0]]
~~~~~~~~~~~~~~~~~~~~~~~~~~~~~~~~~~~~~~~~~~~~~~~~~~~~~~~~~~~~~~~~~~~
fire sean spicer now 0.15006354068 [0.59585993813024185, 0.84417847403303758] 0.2900556268493303 [0.6875603040261397, 0.8372128878424797]
[[0.14705882352941177], [0.4411764705882353], [0.0], [0.20588235294117646], [0.0], [0.20588235294117646]]
~~~~~~~~~~~~~~~~~~~~~~~~~~~~~~~~~~~~~~~~~~~~~~~~~~~~~~~~~~~~~~~~~~~
heγçös 0.250300415957 [0.74650827800445474, 0.87519224640968307] 0.47722658359739517 [0.8611844684452288, 0.9533170143081964]
[[0.15384615384615385], [0.6923076923076923], [0.07692307692307693], [0.0], [0.0], [0.07692307692307693]]
~~~~~~~~~~~~~~~~~~~~~~~~~~~~~~~~~~~~~~~~~~~~~~~~~~~~~~~~~~~~~~~~~~~
borussia dortmund 0.284311350477 [0.40057141952508868, 0.84827095033223043] 0.5223778630096353 [0.6449198845053874, 0.9568191047819187]
[[0.3333333333333333], [0.0], [0.0], [0.0], [0.0], [0.6666666666666666]]
~~~~~~~~~~~~~~~~~~~~~~~~~~~~~~~~~~~~~~~~~~~~~~~~~~~~~~~~~~~~~~~~~~~
missile strike in syria 0.136470866295 [0.077723915339919181, 0.85306690884265091] 0.35979089417687865 [0.2714159444205787, 0.9202058656476778]
[[0.625], [0.25], [0.0], [0.0], [0.0], [0.125]]
~~~~~~~~~~~~~~~~~~~~~~~~~~~~~~~~~~~~~~~~~~~~~~~~~~~~~~~~~~~~~~~~~~~
weγçöre 0.143611393425 [0.48201421986438198, 0.8506011056842705] 0.30933330688174576 [0.6382456550087007, 0.8669183963342751]
[[0.2857142857142857], [0.5], [0.14285714285714285], [0.0], [0.0], [0.07142857142857142]]
~~~~~~~~~~~~~~~~~~~~~~~~~~~~~~~~~~~~~~~~~~~~~~~~~~~~~~~~~~~~~~~~~~~
western 0.391165338423 [0.18537590671093307, 0.37840253419165837] 0.5068676213560259 [0.4056634640004659, 0.5928838313872322]
[[0.5], [0.0], [0.16666666666666666], [0.0], [0.3333333333333333], [0.0]]
~~~~~~~~~~~~~~~~~~~~~~~~~~~~~~~~~~~~~~~~~~~~~~~~~~~~~~~~~~~~~~~~~~~
itγçös 0.285564918662 [0.78566149489295123, 0.87065182315664225] 0.45669406965283854 [0.8426132538097371, 0.9090704293005332]
[[0.1], [0.6], [0.22], [0.0], [0.0], [0.08]]
~~~~~~~~~~~~~~~~~~~~~~~~~~~~~~~~~~~~~~~~~~~~~~~~~~~~~~~~~~~~~~~~~~~
jr 0.337823144646 [0.12345262533687573, 0.40643119265581806] 0.4817735819019011 [0.33428262288841953, 0.6179975055184986]
[[0.5454545454545454], [0.0], [0.045454545454545456], [0.045454545454545456], [0.3181818181818182], [0.045454545454545456]]
~~~~~~~~~~~~~~~~~~~~~~~~~~~~~~~~~~~~~~~~~~~~~~~~~~~~~~~~~~~~~~~~~~~
infowars 0.256008875225 [0.10670031939510594, 0.45813475445574758] 0.38798575450988937 [0.3141624793076247, 0.6344245055663583]
[[0.48], [0.0], [0.12], [0.0], [0.24], [0.16]]
~~~~~~~~~~~~~~~~~~~~~~~~~~~~~~~~~~~~~~~~~~~~~~~~~~~~~~~~~~~~~~~~~~~
boom 0.324120821803 [0.50077641229018588, 0.66835550056407911] 0.4319116199375039 [0.6394047374545534, 0.7574123669215972]
[[0.15789473684210525], [0.0], [0.05263157894736842], [0.18421052631578946], [0.10526315789473684], [0.5]]
~~~~~~~~~~~~~~~~~~~~~~~~~~~~~~~~~~~~~~~~~~~~~~~~~~~~~~~~~~~~~~~~~~~
sean spicer must be fired 0.333230830467 [0.88178407717329832, 0.89433604439636438] 0.6449015537071592 [1.0366875743968291, 1.0625424978310565]
[[0.07407407407407407], [0.8518518518518519], [0.0], [0.0], [0.0], [0.07407407407407407]]
~~~~~~~~~~~~~~~~~~~~~~~~~~~~~~~~~~~~~~~~~~~~~~~~~~~~~~~~~~~~~~~~~~~
eric said 0.323643194873 [0.79916970675685461, 0.89250951280185808] 0.5684217777963277 [0.9263502457774393, 0.9987481453542643]
[[0.125], [0.75], [0.0], [0.125], [0.0], [0.0]]
~~~~~~~~~~~~~~~~~~~~~~~~~~~~~~~~~~~~~~~~~~~~~~~~~~~~~~~~~~~~~~~~~~~
uber 0.44251746164 [0.42451650783539019, 0.57023252375771649] 0.486545012179699 [0.5832363620456796, 0.6923734543154878]
[[0.25], [0.0], [0.4166666666666667], [0.0], [0.16666666666666666], [0.16666666666666666]]
~~~~~~~~~~~~~~~~~~~~~~~~~~~~~~~~~~~~~~~~~~~~~~~~~~~~~~~~~~~~~~~~~~~
details 0.310565579613 [0.32646058938736633, 0.38547188083680162] 0.3747794750405232 [0.5113349554521099, 0.571013738119564]
[[0.2222222222222222], [0.0], [0.1111111111111111], [0.2222222222222222], [0.2222222222222222], [0.2222222222222222]]
~~~~~~~~~~~~~~~~~~~~~~~~~~~~~~~~~~~~~~~~~~~~~~~~~~~~~~~~~~~~~~~~~~~
ivanka influenced syria strike decision 0.362874992904 [0.90302310388419571, 0.90111061040501139] 0.7012714698084443 [1.0829852991918532, 1.0999672890219858]
[[0.06666666666666667], [0.9], [0.0], [0.0], [0.0], [0.03333333333333333]]
~~~~~~~~~~~~~~~~~~~~~~~~~~~~~~~~~~~~~~~~~~~~~~~~~~~~~~~~~~~~~~~~~~~
cubs 0.254436679849 [0.36356023065175247, 0.74650658537524239] 0.4139655478822583 [0.5629223301051218, 0.8248268239675294]
[[0.29411764705882354], [0.0], [0.11764705882352941], [0.0], [0.058823529411764705], [0.5294117647058824]]
~~~~~~~~~~~~~~~~~~~~~~~~~~~~~~~~~~~~~~~~~~~~~~~~~~~~~~~~~~~~~~~~~~~
eric trump easter egg roll 0.244142095666 [0.034134020213325567, 0.86096503036996208] 0.5119294805056527 [0.2057913055799735, 0.9801312776195871]
[[0.7142857142857143], [0.0], [0.0], [0.0], [0.0], [0.2857142857142857]]
~~~~~~~~~~~~~~~~~~~~~~~~~~~~~~~~~~~~~~~~~~~~~~~~~~~~~~~~~~~~~~~~~~~
pos 0.556176296484 [0.68224971786964039, 0.56205075622380019] 0.5686580371456234 [0.7476850052797183, 0.701264493261054]
[[0.05], [0.0], [0.0], [0.45], [0.2], [0.3]]
~~~~~~~~~~~~~~~~~~~~~~~~~~~~~~~~~~~~~~~~~~~~~~~~~~~~~~~~~~~~~~~~~~~
breaking 0.580575601504 [0.67417111075688074, 0.54982388456857612] 0.554347267325215 [0.7241124889251025, 0.6795836511323001]
[[0.050505050505050504], [0.0], [0.10101010101010101], [0.43434343434343436], [0.1919191919191919], [0.2222222222222222]]
~~~~~~~~~~~~~~~~~~~~~~~~~~~~~~~~~~~~~~~~~~~~~~~~~~~~~~~~~~~~~~~~~~~
humiliated 0.319927818583 [0.18374453949115521, 0.31897728323895902] 0.4707020695362183 [0.4061645205750936, 0.5492460166204781]
[[0.5], [0.0], [0.0], [0.0], [0.375], [0.125]]
~~~~~~~~~~~~~~~~~~~~~~~~~~~~~~~~~~~~~~~~~~~~~~~~~~~~~~~~~~~~~~~~~~~
welp 0.37275932059 [0.55890314727566437, 0.84749906290122623] 0.5170276158393289 [0.7131674229021844, 0.8996412787543513]
[[0.16666666666666666], [0.0], [0.25], [0.0], [0.0], [0.5833333333333334]]
~~~~~~~~~~~~~~~~~~~~~~~~~~~~~~~~~~~~~~~~~~~~~~~~~~~~~~~~~~~~~~~~~~~
hill 0.346700318854 [0.1762889143313624, 0.336886695493545] 0.5073303354007923 [0.40387946297384636, 0.5727945269768439]
[[0.5384615384615384], [0.0], [0.0], [0.0], [0.38461538461538464], [0.07692307692307693]]
~~~~~~~~~~~~~~~~~~~~~~~~~~~~~~~~~~~~~~~~~~~~~~~~~~~~~~~~~~~~~~~~~~~
eric trump admits 0.0529775795015 [0.41911776414931134, 0.83504109624486522] 0.2084717097938688 [0.5971693001752154, 0.8608925691779382]
[[0.3076923076923077], [0.46153846153846156], [0.0], [0.0], [0.0], [0.23076923076923078]]
~~~~~~~~~~~~~~~~~~~~~~~~~~~~~~~~~~~~~~~~~~~~~~~~~~~~~~~~~~~~~~~~~~~
former trump adviser carter page 0.0539606081886 [0.45821427077688748, 0.83244226472264105] 0.2068403598582488 [0.6221108689085544, 0.8569894984453373]
[[0.2727272727272727], [0.45454545454545453], [0.0], [0.0], [0.0], [0.2727272727272727]]
~~~~~~~~~~~~~~~~~~~~~~~~~~~~~~~~~~~~~~~~~~~~~~~~~~~~~~~~~~~~~~~~~~~
donγçöt 0.38882368517 [0.90174125587242548, 0.8942044005540184] 0.6046144268206307 [0.9784395691387353, 0.9946814080103323]
[[0.045454545454545456], [0.7272727272727273], [0.22727272727272727], [0.0], [0.0], [0.0]]
~~~~~~~~~~~~~~~~~~~~~~~~~~~~~~~~~~~~~~~~~~~~~~~~~~~~~~~~~~~~~~~~~~~
thereγçös 0.336928933802 [0.80765317826818317, 0.88487522152183795] 0.5328805227247526 [0.8918045880358453, 0.9545956657863336]
[[0.1111111111111111], [0.6666666666666666], [0.2222222222222222], [0.0], [0.0], [0.0]]
~~~~~~~~~~~~~~~~~~~~~~~~~~~~~~~~~~~~~~~~~~~~~~~~~~~~~~~~~~~~~~~~~~~
eric trump says syria strike 0.168965508073 [0.55765531674999913, 0.8655347782023749] 0.3996740644756793 [0.7346699322617496, 0.9364031630186215]
[[0.29347826086956524], [0.6304347826086957], [0.0], [0.0], [0.0], [0.07608695652173914]]
~~~~~~~~~~~~~~~~~~~~~~~~~~~~~~~~~~~~~~~~~~~~~~~~~~~~~~~~~~~~~~~~~~~
the holocaust centers 0.211054740855 [0.11520232588490553, 0.48647268243236041] 0.38374155925921805 [0.3225598121455819, 0.6704436025133047]
[[0.55], [0.15], [0.0], [0.0], [0.25], [0.05]]
~~~~~~~~~~~~~~~~~~~~~~~~~~~~~~~~~~~~~~~~~~~~~~~~~~~~~~~~~~~~~~~~~~~
tarred 0.413763082459 [0.65630797917849515, 0.86632643876715665] 0.7042507550356678 [0.9057563305047558, 1.0538560684739346]
[[0.14285714285714285], [0.0], [0.0], [0.0], [0.0], [0.8571428571428571]]
~~~~~~~~~~~~~~~~~~~~~~~~~~~~~~~~~~~~~~~~~~~~~~~~~~~~~~~~~~~~~~~~~~~
dybala 0.39192167165 [0.61761388152818741, 0.86299617804855655] 0.6705921222834348 [0.8628707810822005, 1.033875886661335]
[[0.17391304347826086], [0.0], [0.0], [0.0], [0.0], [0.8260869565217391]]
~~~~~~~~~~~~~~~~~~~~~~~~~~~~~~~~~~~~~~~~~~~~~~~~~~~~~~~~~~~~~~~~~~~
wonγçöt 0.282363591477 [0.79282451915390406, 0.88569927088002132] 0.5648627452201425 [0.944201582074036, 1.016781241205106]
[[0.14285714285714285], [0.7857142857142857], [0.0], [0.0], [0.0], [0.07142857142857142]]
~~~~~~~~~~~~~~~~~~~~~~~~~~~~~~~~~~~~~~~~~~~~~~~~~~~~~~~~~~~~~~~~~~~
sean spicer credits hitler 0.248588117622 [0.30851971208729634, 0.84465734070581211] 0.4786258173941303 [0.5555554573843255, 0.9388823561752044]
[[0.4], [0.0], [0.0], [0.0], [0.0], [0.6]]
~~~~~~~~~~~~~~~~~~~~~~~~~~~~~~~~~~~~~~~~~~~~~~~~~~~~~~~~~~~~~~~~~~~
happy passover 0.171870332017 [0.23259638177886788, 0.74520286991166973] 0.3591455937609011 [0.4560755242036639, 0.8334649754613976]
[[0.40963855421686746], [0.04819277108433735], [0.0], [0.0], [0.060240963855421686], [0.4819277108433735]]
~~~~~~~~~~~~~~~~~~~~~~~~~~~~~~~~~~~~~~~~~~~~~~~~~~~~~~~~~~~~~~~~~~~
didnγçöt 0.29193949088 [0.83357928127439096, 0.88586479112849892] 0.5752322047086122 [0.9711841603954657, 1.0202052844635654]
[[0.10344827586206896], [0.7931034482758621], [0.0], [0.0], [0.0], [0.10344827586206896]]
~~~~~~~~~~~~~~~~~~~~~~~~~~~~~~~~~~~~~~~~~~~~~~~~~~~~~~~~~~~~~~~~~~~
watching sean spicer 0.156365833126 [0.4926945184312751, 0.80597809038356749] 0.3706207602305902 [0.678227587583431, 0.8883138679733559]
[[0.3333333333333333], [0.5833333333333334], [0.0], [0.0], [0.041666666666666664], [0.041666666666666664]]
~~~~~~~~~~~~~~~~~~~~~~~~~~~~~~~~~~~~~~~~~~~~~~~~~~~~~~~~~~~~~~~~~~~
daughter ivanka 0.0829813958038 [0.54063726594817296, 0.82873568546688936] 0.24675688947789753 [0.6761398106165816, 0.8572644136384511]
[[0.2], [0.4], [0.0], [0.0], [0.0], [0.4]]
~~~~~~~~~~~~~~~~~~~~~~~~~~~~~~~~~~~~~~~~~~~~~~~~~~~~~~~~~~~~~~~~~~~
fun fact 0.174407091561 [0.18563572354731783, 0.56639383120926867] 0.3079220107541052 [0.4021069197273529, 0.6902033805991434]
[[0.4166666666666667], [0.25], [0.0], [0.16666666666666666], [0.16666666666666666], [0.0]]
~~~~~~~~~~~~~~~~~~~~~~~~~~~~~~~~~~~~~~~~~~~~~~~~~~~~~~~~~~~~~~~~~~~
tomahawks 0.257573076477 [0.13780821679154154, 0.40085666304709122] 0.41423756986607996 [0.3509797668975865, 0.6075383244465214]
[[0.5], [0.0], [0.0], [0.0], [0.3], [0.2]]
~~~~~~~~~~~~~~~~~~~~~~~~~~~~~~~~~~~~~~~~~~~~~~~~~~~~~~~~~~~~~~~~~~~
thatγçös 0.384765327035 [0.80208698535346512, 0.86802041275131381] 0.48637885205510545 [0.8193933096607309, 0.8752087017090524]
[[0.058823529411764705], [0.4117647058823529], [0.4117647058823529], [0.0], [0.0], [0.11764705882352941]]
~~~~~~~~~~~~~~~~~~~~~~~~~~~~~~~~~~~~~~~~~~~~~~~~~~~~~~~~~~~~~~~~~~~
b.s 0.506739038492 [0.76658998403163325, 0.87638389839027087] 0.67827976618516 [0.9065776325503191, 0.9888499210169213]
[[0.0], [0.0], [0.0], [0.2857142857142857], [0.0], [0.7142857142857143]]
~~~~~~~~~~~~~~~~~~~~~~~~~~~~~~~~~~~~~~~~~~~~~~~~~~~~~~~~~~~~~~~~~~~
hitler never used chemical weapons 0.249980760914 [0.7621424699807009, 0.84048620514750716] 0.5005993307105072 [0.8905317884384433, 0.9548632948858125]
[[0.15151515151515152], [0.7272727272727273], [0.0], [0.0], [0.030303030303030304], [0.09090909090909091]]
~~~~~~~~~~~~~~~~~~~~~~~~~~~~~~~~~~~~~~~~~~~~~~~~~~~~~~~~~~~~~~~~~~~
us secretary of state 0.156501937796 [0.30413007783865575, 0.86591793397828898] 0.3944343017860869 [0.5456588684152072, 0.9414909493821493]
[[0.5], [0.5], [0.0], [0.0], [0.0], [0.0]]
~~~~~~~~~~~~~~~~~~~~~~~~~~~~~~~~~~~~~~~~~~~~~~~~~~~~~~~~~~~~~~~~~~~
republicans 0.242529705331 [0.10627847743800356, 0.52803293260330342] 0.3598921084229054 [0.3210121494896625, 0.6669386914551948]
[[0.4358974358974359], [0.0], [0.1794871794871795], [0.02564102564102564], [0.1794871794871795], [0.1794871794871795]]
~~~~~~~~~~~~~~~~~~~~~~~~~~~~~~~~~~~~~~~~~~~~~~~~~~~~~~~~~~~~~~~~~~~
ffs 0.568005557913 [0.74905899961820488, 0.749080567165753] 0.6079106663994265 [0.8098372110099769, 0.831228482978697]
[[0.0], [0.0], [0.030303030303030304], [0.45454545454545453], [0.09090909090909091], [0.42424242424242425]]
~~~~~~~~~~~~~~~~~~~~~~~~~~~~~~~~~~~~~~~~~~~~~~~~~~~~~~~~~~~~~~~~~~~
wasnγçöt 0.232943218475 [0.75999213449023928, 0.87353899835310034] 0.4828155450303814 [0.8848786165637085, 0.9689077523467277]
[[0.14285714285714285], [0.7142857142857143], [0.0], [0.0], [0.0], [0.14285714285714285]]
~~~~~~~~~~~~~~~~~~~~~~~~~~~~~~~~~~~~~~~~~~~~~~~~~~~~~~~~~~~~~~~~~~~
russian spy 0.167594463831 [0.63062748343208841, 0.85984833207895106] 0.363662987072136 [0.7540841674955643, 0.9022430561703197]
[[0.2], [0.6], [0.0], [0.06666666666666667], [0.0], [0.13333333333333333]]
~~~~~~~~~~~~~~~~~~~~~~~~~~~~~~~~~~~~~~~~~~~~~~~~~~~~~~~~~~~~~~~~~~~
scholar lawprof 0.413763082459 [0.65630797917849515, 0.86632643876715665] 0.7042507550356678 [0.9057563305047558, 1.0538560684739346]
[[0.14285714285714285], [0.0], [0.0], [0.0], [0.0], [0.8571428571428571]]
~~~~~~~~~~~~~~~~~~~~~~~~~~~~~~~~~~~~~~~~~~~~~~~~~~~~~~~~~~~~~~~~~~~
ah 0.540547875718 [0.60995463649249626, 0.81561636024702566] 0.5659529961058337 [0.7114901356475918, 0.8434761559799228]
[[0.13333333333333333], [0.0], [0.5], [0.06666666666666667], [0.03333333333333333], [0.26666666666666666]]
~~~~~~~~~~~~~~~~~~~~~~~~~~~~~~~~~~~~~~~~~~~~~~~~~~~~~~~~~~~~~~~~~~~
white house press secretary 0.0720016897836 [0.28005246447774634, 0.82087326229844604] 0.24739970258917338 [0.49574665307246285, 0.8654241093735514]
[[0.4307692307692308], [0.4307692307692308], [0.0], [0.0], [0.015384615384615385], [0.12307692307692308]]
~~~~~~~~~~~~~~~~~~~~~~~~~~~~~~~~~~~~~~~~~~~~~~~~~~~~~~~~~~~~~~~~~~~
sean spicer flubbed the holocaust 0.21360876279 [0.09282797045897595, 0.84912117294861422] 0.452063561552935 [0.3057272629213312, 0.9413599650442245]
[[0.6], [0.0], [0.0], [0.0], [0.0], [0.4]]
~~~~~~~~~~~~~~~~~~~~~~~~~~~~~~~~~~~~~~~~~~~~~~~~~~~~~~~~~~~~~~~~~~~
fire sean spicer 0.137686363978 [0.60489157107242186, 0.83454376097041283] 0.32836409078671897 [0.7324580703332125, 0.8817572283330298]
[[0.21153846153846154], [0.5769230769230769], [0.0], [0.03205128205128205], [0.01282051282051282], [0.16666666666666666]]
~~~~~~~~~~~~~~~~~~~~~~~~~~~~~~~~~~~~~~~~~~~~~~~~~~~~~~~~~~~~~~~~~~~
wh press secretary 0.208066876558 [0.62339501048817025, 0.8736324863886884] 0.4581064864983287 [0.7973142030445307, 0.9640395169404616]
[[0.2631578947368421], [0.6842105263157895], [0.0], [0.0], [0.0], [0.05263157894736842]]
~~~~~~~~~~~~~~~~~~~~~~~~~~~~~~~~~~~~~~~~~~~~~~~~~~~~~~~~~~~~~~~~~~~
holocaust center 0.0725675108633 [0.17007144053850431, 0.55641067307374104] 0.20808402849655253 [0.38645568113513445, 0.6887846622259348]
[[0.43884892086330934], [0.26618705035971224], [0.0], [0.007194244604316547], [0.16546762589928057], [0.1223021582733813]]
~~~~~~~~~~~~~~~~~~~~~~~~~~~~~~~~~~~~~~~~~~~~~~~~~~~~~~~~~~~~~~~~~~~
says ivanka 0.209214528377 [0.55145761848965735, 0.87617598560716692] 0.4669265807630446 [0.7559800094284311, 0.9724217027350986]
[[0.3333333333333333], [0.6666666666666666], [0.0], [0.0], [0.0], [0.0]]
~~~~~~~~~~~~~~~~~~~~~~~~~~~~~~~~~~~~~~~~~~~~~~~~~~~~~~~~~~~~~~~~~~~
sean spicer apologizes 0.0589981157968 [0.47135887709057356, 0.83381824446634079] 0.21601931081897016 [0.6320249619971008, 0.8595903422109644]
[[0.26732673267326734], [0.46534653465346537], [0.0], [0.0], [0.0], [0.26732673267326734]]
~~~~~~~~~~~~~~~~~~~~~~~~~~~~~~~~~~~~~~~~~~~~~~~~~~~~~~~~~~~~~~~~~~~
drumpf 0.392592225002 [0.17586951135916107, 0.37036492411449673] 0.5752005953536985 [0.4198938810065748, 0.6217099240532794]
[[0.6], [0.0], [0.0], [0.0], [0.4], [0.0]]
~~~~~~~~~~~~~~~~~~~~~~~~~~~~~~~~~~~~~~~~~~~~~~~~~~~~~~~~~~~~~~~~~~~
syria strike proves 0.0329163257728 [0.22780649481751114, 0.83003754465549451] 0.17267647900804392 [0.4434741401506797, 0.854247070485741]
[[0.4230769230769231], [0.34615384615384615], [0.0], [0.0], [0.0], [0.23076923076923078]]
~~~~~~~~~~~~~~~~~~~~~~~~~~~~~~~~~~~~~~~~~~~~~~~~~~~~~~~~~~~~~~~~~~~
easter eggs 0.0274924070265 [0.29058677068358219, 0.82820796702314003] 0.15831957170323513 [0.4967942436618699, 0.8494702307822043]
[[0.375], [0.375], [0.0], [0.0], [0.0], [0.25]]
~~~~~~~~~~~~~~~~~~~~~~~~~~~~~~~~~~~~~~~~~~~~~~~~~~~~~~~~~~~~~~~~~~~
syria strike 0.192965335976 [0.61871447486134157, 0.86974997656617248] 0.43345259147439225 [0.7844940810199061, 0.950809781542725]
[[0.25555555555555554], [0.6666666666666666], [0.0], [0.0], [0.0], [0.07777777777777778]]
~~~~~~~~~~~~~~~~~~~~~~~~~~~~~~~~~~~~~~~~~~~~~~~~~~~~~~~~~~~~~~~~~~~
sean spicer holocaust centers 0.338622382346 [0.55872937429377623, 0.85507658816157761] 0.5913093805740703 [0.7859265354475018, 0.9891040658136786]
[[0.21212121212121213], [0.030303030303030304], [0.0], [0.0], [0.0], [0.7575757575757576]]
~~~~~~~~~~~~~~~~~~~~~~~~~~~~~~~~~~~~~~~~~~~~~~~~~~~~~~~~~~~~~~~~~~~
fbi fisa warrant 0.343741810389 [0.65933121943199613, 0.85362518745796856] 0.5443632264446636 [0.8115474048896762, 0.9438532849442149]
[[0.1], [0.1], [0.0], [0.1], [0.0], [0.7]]
~~~~~~~~~~~~~~~~~~~~~~~~~~~~~~~~~~~~~~~~~~~~~~~~~~~~~~~~~~~~~~~~~~~
ivanka encouraged 0.254747919234 [0.7333009891492166, 0.88133103089371601] 0.5245912533807782 [0.8909868120389011, 0.9959802868929356]
[[0.1875], [0.75], [0.0], [0.0], [0.0], [0.0625]]
~~~~~~~~~~~~~~~~~~~~~~~~~~~~~~~~~~~~~~~~~~~~~~~~~~~~~~~~~~~~~~~~~~~
jesus 0.351007422129 [0.47569064197598609, 0.78141413109852076] 0.4571949776134807 [0.628753793044631, 0.8238926678433458]
[[0.2037037037037037], [0.0], [0.3148148148148148], [0.0], [0.037037037037037035], [0.4444444444444444]]
~~~~~~~~~~~~~~~~~~~~~~~~~~~~~~~~~~~~~~~~~~~~~~~~~~~~~~~~~~~~~~~~~~~
sean spicer barca 0.323058448006 [0.4854629939140267, 0.85314338860005523] 0.5728177169958533 [0.7272384324178435, 0.9807351123758256]
[[0.2727272727272727], [0.0], [0.0], [0.0], [0.0], [0.7272727272727273]]
~~~~~~~~~~~~~~~~~~~~~~~~~~~~~~~~~~~~~~~~~~~~~~~~~~~~~~~~~~~~~~~~~~~
deep state 0.115226852634 [0.14951769382774294, 0.55180111777174368] 0.2468759003458445 [0.3689061565958156, 0.6779787486288579]
[[0.38461538461538464], [0.07692307692307693], [0.0], [0.07692307692307693], [0.15384615384615385], [0.3076923076923077]]
~~~~~~~~~~~~~~~~~~~~~~~~~~~~~~~~~~~~~~~~~~~~~~~~~~~~~~~~~~~~~~~~~~~
twitter 0.286415709196 [0.088494636909480673, 0.47432953474154438] 0.44036630071145383 [0.2845349832620215, 0.6625704021777846]
[[0.5528846153846154], [0.0], [0.07692307692307693], [0.0], [0.25961538461538464], [0.11057692307692307]]
~~~~~~~~~~~~~~~~~~~~~~~~~~~~~~~~~~~~~~~~~~~~~~~~~~~~~~~~~~~~~~~~~~~
white house press secretary sean spicer 0.161875323289 [0.13960046424459005, 0.86350612865862275] 0.40505164233160806 [0.37233884781470034, 0.9453305959736441]
[[0.625], [0.34615384615384615], [0.0], [0.0], [0.0], [0.028846153846153848]]
~~~~~~~~~~~~~~~~~~~~~~~~~~~~~~~~~~~~~~~~~~~~~~~~~~~~~~~~~~~~~~~~~~~
holocaust centers 0.0516288692959 [0.15543054631329911, 0.59045077679821278] 0.1749224074934211 [0.372439897877998, 0.7054175086519762]
[[0.4329501915708812], [0.25287356321839083], [0.0], [0.013409961685823755], [0.13984674329501914], [0.16091954022988506]]
~~~~~~~~~~~~~~~~~~~~~~~~~~~~~~~~~~~~~~~~~~~~~~~~~~~~~~~~~~~~~~~~~~~
barca 0.264822581045 [0.37610275329635157, 0.78119452142435408] 0.47851912844016575 [0.6056623233318152, 0.892785239503708]
[[0.3333333333333333], [0.0], [0.0], [0.0], [0.047619047619047616], [0.6190476190476191]]
~~~~~~~~~~~~~~~~~~~~~~~~~~~~~~~~~~~~~~~~~~~~~~~~~~~~~~~~~~~~~~~~~~~
sean spicer defends 0.0938193927205 [0.58025523526014267, 0.83836466713232949] 0.269555620445745 [0.7074621269611343, 0.8714456094284144]
[[0.2], [0.5], [0.0], [0.0], [0.0], [0.3]]
~~~~~~~~~~~~~~~~~~~~~~~~~~~~~~~~~~~~~~~~~~~~~~~~~~~~~~~~~~~~~~~~~~~
monitor former trump adviser carter page 0.418995433582 [0.97228312325958555, 0.91180636932685066] 0.8110768385626358 [1.1926628810468987, 1.1743592178158526]
[[0.00909090909090909], [0.990909090909091], [0.0], [0.0], [0.0], [0.0]]
~~~~~~~~~~~~~~~~~~~~~~~~~~~~~~~~~~~~~~~~~~~~~~~~~~~~~~~~~~~~~~~~~~~
trumprussia 0.259993722103 [0.14034210523398583, 0.46370949728444844] 0.398326533291519 [0.353470462729232, 0.6421199758734824]
[[0.5], [0.125], [0.125], [0.0], [0.25], [0.0]]
~~~~~~~~~~~~~~~~~~~~~~~~~~~~~~~~~~~~~~~~~~~~~~~~~~~~~~~~~~~~~~~~~~~
congress 0.30640205847 [0.080290515499676696, 0.49711328092161666] 0.4837021263481093 [0.27373511136486145, 0.696599954903289]
[[0.6082474226804123], [0.0], [0.030927835051546393], [0.010309278350515464], [0.26804123711340205], [0.08247422680412371]]
~~~~~~~~~~~~~~~~~~~~~~~~~~~~~~~~~~~~~~~~~~~~~~~~~~~~~~~~~~~~~~~~~~~
poor sean spicer 0.0274924070265 [0.29058677068358219, 0.82820796702314003] 0.15831957170323513 [0.4967942436618699, 0.8494702307822043]
[[0.375], [0.375], [0.0], [0.0], [0.0], [0.25]]
~~~~~~~~~~~~~~~~~~~~~~~~~~~~~~~~~~~~~~~~~~~~~~~~~~~~~~~~~~~~~~~~~~~
nfl 0.506739038492 [0.76658998403163325, 0.87638389839027087] 0.67827976618516 [0.9065776325503191, 0.9888499210169213]
[[0.0], [0.0], [0.0], [0.2857142857142857], [0.0], [0.7142857142857143]]
~~~~~~~~~~~~~~~~~~~~~~~~~~~~~~~~~~~~~~~~~~~~~~~~~~~~~~~~~~~~~~~~~~~
doesnγçöt 0.215979471674 [0.80956168163259079, 0.86246625279167655] 0.44361820295534443 [0.890037879181128, 0.9396131902944301]
[[0.07142857142857142], [0.6428571428571429], [0.0], [0.0], [0.0], [0.2857142857142857]]
~~~~~~~~~~~~~~~~~~~~~~~~~~~~~~~~~~~~~~~~~~~~~~~~~~~~~~~~~~~~~~~~~~~
ww3 0.840418972309 [0.83880074953954897, 0.56781541842154593] 0.8340313649184651 [0.9399324189253556, 0.7897615144416422]
[[0.0], [0.0], [0.0], [0.6923076923076923], [0.3076923076923077], [0.0]]
~~~~~~~~~~~~~~~~~~~~~~~~~~~~~~~~~~~~~~~~~~~~~~~~~~~~~~~~~~~~~~~~~~~
anne frank center calls 0.0350862815876 [0.35436393381244646, 0.83032412155034474] 0.1737832797237777 [0.5472495168673689, 0.8523581077332737]
[[0.3384615384615385], [0.4153846153846154], [0.0], [0.0], [0.0], [0.24615384615384617]]
~~~~~~~~~~~~~~~~~~~~~~~~~~~~~~~~~~~~~~~~~~~~~~~~~~~~~~~~~~~~~~~~~~~
fbi obtained warrant 0.191233816329 [0.65154102112192969, 0.86776278502073434] 0.42705002165041034 [0.801038982414918, 0.9453217407524284]
[[0.2222222222222222], [0.6666666666666666], [0.0], [0.0], [0.0], [0.1111111111111111]]
~~~~~~~~~~~~~~~~~~~~~~~~~~~~~~~~~~~~~~~~~~~~~~~~~~~~~~~~~~~~~~~~~~~
tomahawk 0.378242642755 [0.13783995000305194, 0.43383771016529582] 0.5769070053785746 [0.37701838538863575, 0.6796103049906473]
[[0.6428571428571429], [0.0], [0.0], [0.0], [0.35714285714285715], [0.0]]
~~~~~~~~~~~~~~~~~~~~~~~~~~~~~~~~~~~~~~~~~~~~~~~~~~~~~~~~~~~~~~~~~~~
monitor trump adviser carter page 0.384408864628 [0.9385252295518195, 0.90469391034032043] 0.73949565924391 [1.1262207306098542, 1.124378685115485]
[[0.034482758620689655], [0.9310344827586207], [0.0], [0.0], [0.0], [0.034482758620689655]]
~~~~~~~~~~~~~~~~~~~~~~~~~~~~~~~~~~~~~~~~~~~~~~~~~~~~~~~~~~~~~~~~~~~
feathered 0.413763082459 [0.65630797917849515, 0.86632643876715665] 0.7042507550356678 [0.9057563305047558, 1.0538560684739346]
[[0.14285714285714285], [0.0], [0.0], [0.0], [0.0], [0.8571428571428571]]
~~~~~~~~~~~~~~~~~~~~~~~~~~~~~~~~~~~~~~~~~~~~~~~~~~~~~~~~~~~~~~~~~~~
sean spicer wrongly says hitler 0.37534130313 [0.90104325545619202, 0.9045424359862182] 0.7287301232103645 [1.099836749093599, 1.1196613364179626]
[[0.07692307692307693], [0.9230769230769231], [0.0], [0.0], [0.0], [0.0]]
~~~~~~~~~~~~~~~~~~~~~~~~~~~~~~~~~~~~~~~~~~~~~~~~~~~~~~~~~~~~~~~~~~~
nancy pelosi calls 0.188916899842 [0.48721045085196102, 0.87251163849342561] 0.4381703570610452 [0.7018892822197333, 0.9593683397101084]
[[0.375], [0.625], [0.0], [0.0], [0.0], [0.0]]
~~~~~~~~~~~~~~~~~~~~~~~~~~~~~~~~~~~~~~~~~~~~~~~~~~~~~~~~~~~~~~~~~~~
14.418934106826782 70.26617193222046
3   Consumed
**********************************************************
