just_converted, non-cumulative: 
[129419, 130404, 132172, 130067, 130503, 72760, 129490, 129866, 130195, 129077, 130743, 112322, 130969, 130951, 130397, 130225, 131550, 131362, 13195, 132818, 132413, 133828, 132158, 132365, 133224, 14576, 132381, 132701, 131938, 133599, 133460, 133599, 11739, 133093, 132981, 134009, 133000, 132187, 134224, 15781, 131548, 131385, 130966, 130414, 131678, 97119, 132333, 131951, 132141, 131753, 133007, 87670, 132711, 134028, 133366, 133981, 134305, 128853, 133956, 133547, 133877, 133609, 133672, 134287, 14846, 133307, 133870, 133790, 134030, 132676, 134401, 26503, 132911, 133391, 133457, 133339, 134153, 133543, 51178, 132738, 134250, 133120, 133093, 134076, 133105, 33123, 132464, 132186, 133388, 131590, 132716, 106809, 132644, 131905, 131166, 132736, 131044, 132950, 9314, 132431, 133760, 133549, 134645, 132537, 133366, 51089, 133212, 133777, 133197, 132913, 133415, 133260, 25268]

evicted, non-cumulative: 
[0, 0, 4579, 5386, 6708, 6832, 7445, 4073, 7412, 8079, 7741, 7707, 7772, 6550, 7091, 7197, 6964, 6554, 7147, 6564, 600, 6179, 6202, 6190, 5731, 5974, 6037, 647, 5423, 5835, 5513, 5333, 5781, 5683, 453, 5312, 5197, 5298, 5112, 5246, 5526, 536, 5109, 4976, 4923, 5013, 5034, 3541, 5161, 5048, 4899, 4839, 5168, 3352, 4982, 5075, 4918, 5124, 5081, 4695, 5147, 4727, 4697, 4571, 4886, 4987, 502, 4568, 4715, 4844, 4809, 4740, 5182, 899, 4629, 4637, 4716, 4670, 4727, 4906, 1849, 4382, 4847, 4608, 4498, 4671, 4531, 1208, 4624, 4426, 4753, 4658, 4773, 3623, 4836, 5039, 4609, 5127, 4993, 4934, 355, 4606, 4763, 4665, 4958, 4709, 4858, 1775, 4338, 4408, 4184, 4367, 4342]

incomplete [8617, 14474, 16144, 17317, 17330, 14041, 14686, 19098, 18976, 18714, 18406, 16383, 15701, 16369, 16056, 15220, 14737, 14428, 7844, 8061, 14132, 13560, 12942, 12459, 12445, 7092, 6814, 12162, 12281, 11615, 11703, 11816, 6473, 6260, 11175, 11131, 11065, 10862, 11021, 6295, 5990, 10443, 10309, 10397, 10424, 8938, 9170, 10641, 10381, 10170, 10391, 8810, 8739, 10519, 10559, 10445, 10535, 10124, 10196, 10287, 9819, 9610, 9724, 10048, 5640, 5391, 9656, 9932, 9981, 9774, 10087, 6226, 5754, 9554, 9695, 9688, 9644, 9835, 6890, 6462, 9462, 9736, 9434, 9355, 9346, 5859, 6025, 9323, 9462, 9617, 9634, 8572, 8665, 10133, 9888, 9986, 10273, 10004, 5358, 5107, 9643, 9736, 10009, 9880, 9698, 6772, 6261, 8943, 8758, 8741, 8845, 8847, 5334]

total-sentences, cumulative:
[138036, 274297, 412718, 549344, 686568, 762871, 900451, 1038802, 1176287, 1313181, 1451357, 1569363, 1707422, 1845591, 1982766, 2119352, 2257383, 2394990, 2408748, 2548347, 2687431, 2826866, 2964608, 3102680, 3241621, 3256818, 3394958, 3533654, 3671134, 3809902, 3948963, 4088008, 4100185, 4238748, 4377097, 4516374, 4654505, 4791787, 4931282, 4947583, 5084352, 5220726, 5356667, 5492145, 5628773, 5729419, 5867018, 6003981, 6141023, 6277613, 6415740, 6506668, 6644476, 6783636, 6922024, 7060966, 7200279, 7333845, 7472954, 7611287, 7749843, 7887970, 8026453, 8165635, 8180959, 8319004, 8457641, 8596275, 8735069, 8872382, 9011905, 9039287, 9176908, 9314998, 9453225, 9591194, 9730019, 9868423, 9921383, 10058599, 10197698, 10335474, 10473112, 10611717, 10749311, 10783618, 10920779, 11057471, 11195622, 11331793, 11469279, 11579684, 11717194, 11854190, 11989947, 12127820, 12263760, 12401568, 12411229, 12548343, 12686994, 12825242, 12964923, 13101996, 13240138, 13293010, 13430569, 13568803, 13706153, 13843457, 13981160, 14118789, 14144886]

time:
[63.633262157440186, 133.60460448265076, 208.37246656417847, 283.2373857498169, 360.3798930644989, 406.9645154476166, 487.0215950012207, 569.74169921875, 652.6389410495758, 735.9593636989594, 818.8442306518555, 893.7712199687958, 977.284126996994, 1063.297026872635, 1148.878098487854, 1234.9919383525848, 1324.0760939121246, 1410.6011805534363, 1434.1756703853607, 1522.4852035045624, 1612.4333477020264, 1703.164059638977, 1793.630942583084, 1885.0494968891144, 1977.203504562378, 2003.760345697403, 2093.9844839572906, 2185.666470527649, 2278.0048592090607, 2372.6961257457733, 2467.0239470005035, 2563.4611444473267, 2591.3795037269592, 2685.509876728058, 2781.224595308304, 2876.633551120758, 2973.4034910202026, 3070.054701089859, 3168.3340706825256, 3201.4512329101562, 3294.2325665950775, 3387.123699426651, 3482.528557538986, 3577.6443161964417, 3678.8757066726685, 3764.931407213211, 3863.8311200141907, 3962.2475645542145, 4061.8343210220337, 4161.8856563568115, 4263.850114822388, 4342.568738222122, 4445.902293920517, 4550.345546007156, 4656.288374662399, 4764.014865875244, 4871.006106138229, 4975.329767227173, 5083.7518537044525, 5193.10072183609, 5301.788656949997, 5410.176788806915, 5520.826105117798, 5631.993359565735, 5676.872709035873, 5803.360855817795, 5928.028892755508, 6040.702213048935, 6153.918267250061, 6267.137784481049, 6383.393240451813, 6437.095897674561, 6550.158462762833, 6663.150055885315, 6778.145142793655, 6893.203466653824, 7009.952384233475, 7127.248076438904, 7197.301256895065, 7313.213763952255, 7431.103375196457, 7564.869182348251, 7684.440948009491, 7805.287962913513, 7928.370731592178, 7992.452976465225, 8106.258823394775, 8224.69791507721, 8345.833230733871, 8465.532633304596, 8587.553409814835, 8692.105822324753, 8809.39468407631, 8926.834284067154, 9044.152545452118, 9163.173377990723, 9281.896821022034, 9402.045582056046, 9458.07046365738, 9578.456564188004, 9700.939926862717, 9824.576881170273, 9948.350461244583, 10070.950147390366, 10195.175110816956, 10276.858102083206, 10401.153700590134, 10554.12793302536, 10704.943866729736, 10832.422648906708, 10961.356420993805, 11090.783314228058, 11161.832092523575]

######################################################################################### RUN 2##################################################################

all_mentions_discovered:  [32491, 37974, 43387, 42229, 43039, 29819, 43999, 46905, 49153, 49879, 49254, 46077, 49034, 49238, 49852, 49965, 52273, 49183, 13748, 48431, 48157, 52108, 50619, 51545, 52151, 13439, 46533, 49851, 51800, 50546, 50399, 53150, 12075, 49514, 47804, 51178, 50917, 52122, 53181, 12856, 45142, 44394, 46519, 46445, 47338, 35382, 48451, 47376, 49258, 46890, 50834, 34831, 51688, 51651, 54360, 54473, 53833, 51124, 54342, 54612, 53183, 52013, 54463, 54114, 11838, 50879, 49501, 55020, 53802, 53892, 57010, 15986, 50839, 50272, 53986, 54635, 55867, 55880, 24829, 51052, 53262, 54022, 54070, 54483, 52942, 17673, 48928, 48580, 52753, 50024, 52151, 41022, 52129, 52177, 50126, 52357, 51790, 51792, 9279, 52239, 53162, 56407, 56957, 56014, 56039, 24725, 54702, 53870, 55132, 54858, 54906, 56638, 15939]
just_converted, non-cumulative: [126132, 128531, 130738, 128366, 128816, 71701, 127386, 127606, 128111, 127292, 128838, 110827, 129177, 129023, 128665, 128238, 129951, 129621, 13068, 130966, 130731, 132478, 130730, 130877, 131814, 14499, 130826, 131204, 130681, 132427, 132295, 132227, 11645, 131768, 131764, 132806, 131858, 131083, 133151, 15666, 130475, 130440, 129922, 129602, 130762, 96533, 131577, 131059, 131303, 130945, 132227, 87199, 131696, 133085, 132548, 133137, 133475, 128062, 132924, 132588, 132998, 132913, 132788, 133452, 14774, 132285, 133015, 133002, 133416, 131980, 133608, 26384, 132104, 132657, 132793, 132626, 133395, 132883, 50936, 131933, 133549, 132422, 132422, 133346, 132454, 32992, 131859, 131677, 132939, 131064, 132156, 106370, 132089, 131378, 130751, 132237, 130429, 132449, 9307, 131888, 133137, 132932, 134171, 132005, 132895, 50926, 132638, 133227, 132513, 132542, 132905, 132646, 25171]
evicted, non-cumulative: [0, 0, 6176, 7054, 8406, 8775, 9468, 5129, 9366, 10121, 9794, 9788, 9761, 8169, 8880, 9028, 8774, 8463, 9116, 8474, 757, 7752, 7717, 7642, 7196, 7653, 7641, 785, 6725, 7213, 6808, 6522, 7174, 7195, 568, 6472, 6265, 6515, 6271, 6509, 6758, 658, 6045, 5862, 5941, 5890, 5970, 4116, 5996, 5864, 5759, 5672, 6016, 3851, 5883, 5922, 5780, 6006, 5940, 5485, 6126, 5680, 5584, 5334, 5823, 5904, 593, 5465, 5510, 5650, 5450, 5497, 6067, 1022, 5375, 5243, 5415, 5394, 5505, 5658, 2107, 5086, 5493, 5321, 5171, 5459, 5304, 1353, 5115, 4895, 5248, 5183, 5327, 4077, 5335, 5536, 5115, 5649, 5609, 5512, 377, 5085, 5317, 5287, 5463, 5245, 5391, 1964, 4826, 4931, 4823, 4835, 4883]
incomplete [11904, 19634, 21141, 22347, 22349, 18176, 18902, 24518, 24526, 24007, 23551, 20942, 20063, 21040, 20670, 19990, 19296, 18819, 10393, 10552, 18148, 17353, 16648, 16201, 16132, 9177, 8850, 15557, 15631, 14759, 14717, 15013, 8371, 7971, 13988, 13987, 13995, 13679, 13752, 7878, 7414, 12690, 12664, 12678, 12603, 10826, 10878, 12666, 12409, 12190, 12331, 10388, 10484, 12708, 12665, 12548, 12606, 12104, 12349, 12609, 12041, 11575, 11686, 12082, 6809, 6665, 11694, 11861, 11729, 11412, 11877, 7378, 6828, 11239, 11298, 11398, 11413, 11540, 8059, 7684, 11127, 11395, 11118, 11056, 11025, 6881, 6879, 10541, 10638, 10850, 10932, 9784, 9878, 11419, 11090, 11190, 11586, 11296, 6041, 5755, 10892, 11123, 11316, 11097, 10881, 7582, 7112, 10155, 10166, 9997, 9972, 10120, 6163]
61.245184659957886 11031.389081001282
112   Consumed
**********************************************************
[138036, 274297, 412718, 549344, 686568, 762871, 900451, 1038802, 1176287, 1313181, 1451357, 1569363, 1707422, 1845591, 1982766, 2119352, 2257383, 2394990, 2408748, 2548347, 2687431, 2826866, 2964608, 3102680, 3241621, 3256818, 3394958, 3533654, 3671134, 3809902, 3948963, 4088008, 4100185, 4238748, 4377097, 4516374, 4654505, 4791787, 4931282, 4947583, 5084352, 5220726, 5356667, 5492145, 5628773, 5729419, 5867018, 6003981, 6141023, 6277613, 6415740, 6506668, 6644476, 6783636, 6922024, 7060966, 7200279, 7333845, 7472954, 7611287, 7749843, 7887970, 8026453, 8165635, 8180959, 8319004, 8457641, 8596275, 8735069, 8872382, 9011905, 9039287, 9176908, 9314998, 9453225, 9591194, 9730019, 9868423, 9921383, 10058599, 10197698, 10335474, 10473112, 10611717, 10749311, 10783618, 10920779, 11057471, 11195622, 11331793, 11469279, 11579684, 11717194, 11854190, 11989947, 12127820, 12263760, 12401568, 12411229, 12548343, 12686994, 12825242, 12964923, 13101996, 13240138, 13293010, 13430569, 13568803, 13706153, 13843457, 13981160, 14118789, 14144886]

[64.51017737388611, 136.03235030174255, 214.76785159111023, 292.9648394584656, 372.16996335983276, 419.9647343158722, 501.0248386859894, 583.9942524433136, 668.3525280952454, 752.7588639259338, 837.0950829982758, 913.4690539836884, 997.6187493801117, 1084.213760137558, 1170.579831123352, 1257.432742357254, 1346.829498052597, 1433.5481038093567, 1458.2430477142334, 1545.9894206523895, 1635.2929093837738, 1725.6666781902313, 1815.5096681118011, 1906.7458233833313, 1999.3682353496552, 2026.7853307724, 2119.829925775528, 2212.92068195343, 2305.788717508316, 2399.7519075870514, 2494.216621160507, 2590.757985830307, 2619.3594312667847, 2712.3159692287445, 2808.6182808876038, 2902.8983743190765, 2997.494527578354, 3092.747974872589, 3190.408796072006, 3223.93895983696, 3315.9665203094482, 3409.3360662460327, 3503.9097571372986, 3600.17365694046, 3697.486852645874, 3776.3066506385803, 3874.521642923355, 3972.7067291736603, 4071.616256713867, 4171.243595600128, 4272.144699335098, 4350.319051027298, 4453.427507400513, 4557.63924241066, 4663.247996807098, 4770.7165586948395, 4876.961117982864, 4980.1723046302795, 5087.582440137863, 5195.5698165893555, 5303.696727275848, 5411.983898162842, 5521.579380750656, 5632.633148193359, 5677.005401611328, 5786.017460346222, 5895.051984548569, 6007.893796205521, 6120.03194642067, 6231.985330104828, 6347.364600658417, 6400.528867959976, 6512.8189351558685, 6625.661947727203, 6740.425036430359, 6855.616516828537, 6972.176517486572, 7089.88085103035, 7159.824093580246, 7274.617227077484, 7391.870383024216, 7509.59498333931, 7627.617734670639, 7747.145578861237, 7866.978753089905, 7930.18824839592, 8042.765084266663, 8160.059346199036, 8279.06483745575, 8396.93170928955, 8516.876485586166, 8619.463113546371, 8734.912915945053, 8851.025735378265, 8966.927497386932, 9084.68175292015, 9203.118122339249, 9329.164111852646, 9388.383075475693, 9511.847059249878, 9636.677163362503, 9759.83662056923, 9881.450476646423, 10002.985841035843, 10126.38076376915, 10207.54800271988, 10331.809789419174, 10455.785271167755, 10582.050020456314, 10707.903923749924, 10834.002274274826, 10960.816703796387, 11031.389081001282]

[555355, 584978, 610055, 610735, 609038, 612117, 574965, 566150, 597616, 611174, 619657, 638340, 624631, 580945, 607028, 638432, 618817]